data/twind/tables/table-mean.ecsv
# %ECSV 0.9
# ---
# datatype:
# - {name: model, datatype: string}
# - {name: phase, datatype: string}
# - {name: z, datatype: string}
# - {name: Sigma_gas0, unit: solMass / pc2, datatype: float64}
# - {name: Sigma_star, unit: solMass / pc2, datatype: float64}
# - {name: rho_dm, unit: solMass / pc3, datatype: float64}
# - {name: Omega_0, unit: km / (kpc s), datatype: float64}
# - {name: z_star, unit: pc, datatype: float64}
# - {name: R_0, unit: kpc, datatype: float64}
# - {name: H, unit: pc, datatype: float64}
# - {name: sigma_eff, unit: km / s, datatype: float64}
# - {name: ngas, unit: 1 / cm3, datatype: float64}
# - {name: rho_tot, unit: solMass / pc3, datatype: float64}
# - {name: surf, unit: solMass / pc2, datatype: float64}
# - {name: sfr10, unit: solMass / (kpc2 yr), datatype: float64}
# - {name: sfr40, unit: solMass / (kpc2 yr), datatype: float64}
# - {name: sfr100, unit: solMass / (kpc2 yr), datatype: float64}
# - {name: nmid_2p, unit: 1 / cm3, datatype: float64}
# - {name: Pmid_2p, unit: K / cm3, datatype: float64}
# - {name: W_2p, unit: K / cm3, datatype: float64}
# - {name: mass_norm, unit: solMass / (kpc2 yr), datatype: float64}
# - {name: mom_norm, unit: km solMass / (kpc2 s yr), datatype: float64}
# - {name: energy_norm, unit: erg / (kpc2 yr), datatype: float64}
# - {name: metal_norm, unit: solMass / (kpc2 yr), datatype: float64}
# - {name: mass, unit: solMass / (kpc2 yr), datatype: float64}
# - {name: mom, unit: km solMass / (kpc2 s yr), datatype: float64}
# - {name: mom_kin, unit: km solMass / (kpc2 s yr), datatype: float64}
# - {name: energy, unit: erg / (kpc2 yr), datatype: float64}
# - {name: metal, unit: solMass / (kpc2 yr), datatype: float64}
# - {name: metal_sn, unit: solMass / (kpc2 yr), datatype: float64}
# - {name: vout_flux, unit: km / s, datatype: float64}
# - {name: vB, unit: km / s, datatype: float64}
# - {name: Z, datatype: float64}
# - {name: enrichment, datatype: float64}
# - {name: fmass_sn, datatype: float64}
# - {name: fmetal_sn, datatype: float64}
# - {name: mass_loading, datatype: float64}
# - {name: mom_loading, datatype: float64}
# - {name: mom_kin_loading, datatype: float64}
# - {name: energy_loading, datatype: float64}
# - {name: metal_loading, datatype: float64}
# - {name: metal_sn_loading, datatype: float64}
# - {name: tdep10, unit: Myr, datatype: float64}
# - {name: tdep40, unit: Myr, datatype: float64}
# - {name: tdep100, unit: Myr, datatype: float64}
# meta: !!omap
# - __serialized_columns__:
#     H:
#       __class__: astropy.units.quantity.Quantity
#       unit: &id005 !astropy.units.Unit {unit: pc}
#       value: !astropy.table.SerializedColumn {name: H}
#     Omega_0:
#       __class__: astropy.units.quantity.Quantity
#       unit: !astropy.units.Unit {unit: km / (kpc s)}
#       value: !astropy.table.SerializedColumn {name: Omega_0}
#     Pmid_2p:
#       __class__: astropy.units.quantity.Quantity
#       unit: !astropy.units.Unit {unit: K / cm3}
#       value: !astropy.table.SerializedColumn {name: Pmid_2p}
#     R_0:
#       __class__: astropy.units.quantity.Quantity
#       unit: !astropy.units.Unit {unit: kpc}
#       value: !astropy.table.SerializedColumn {name: R_0}
#     Sigma_gas0:
#       __class__: astropy.units.quantity.Quantity
#       unit: !astropy.units.Unit {unit: solMass / pc2}
[...]
#       unit: !astropy.units.Unit {unit: km / s}
#       value: !astropy.table.SerializedColumn {name: sigma_eff}
#     surf:
#       __class__: astropy.units.quantity.Quantity
#       unit: !astropy.units.Unit {unit: solMass / pc2}
#       value: !astropy.table.SerializedColumn {name: surf}
#     tdep10:
#       __class__: astropy.units.quantity.Quantity
#       unit: &id004 !astropy.units.Unit {unit: Myr}
#       value: !astropy.table.SerializedColumn {name: tdep10}
#     tdep100:
#       __class__: astropy.units.quantity.Quantity
#       unit: *id004
#       value: !astropy.table.SerializedColumn {name: tdep100}
#     tdep40:
#       __class__: astropy.units.quantity.Quantity
#       unit: *id004
#       value: !astropy.table.SerializedColumn {name: tdep40}
#     vB:
#       __class__: astropy.units.quantity.Quantity
#       unit: !astropy.units.Unit {unit: km / s}
#       value: !astropy.table.SerializedColumn {name: vB}
#     vout_flux:
#       __class__: astropy.units.quantity.Quantity
#       unit: !astropy.units.Unit {unit: km / s}
#       value: !astropy.table.SerializedColumn {name: vout_flux}
#     z_star:
#       __class__: astropy.units.quantity.Quantity
#       unit: *id005
#       value: !astropy.table.SerializedColumn {name: z_star}
# schema: astropy-2.0
model phase z Sigma_gas0 Sigma_star rho_dm Omega_0 z_star R_0 H sigma_eff ngas rho_tot surf sfr10 sfr40 sfr100 nmid_2p Pmid_2p W_2p mass_norm mom_norm energy_norm metal_norm mass mom mom_kin energy metal metal_sn vout_flux vB Z enrichment fmass_sn fmetal_sn mass_loading mom_loading mom_kin_loading energy_loading metal_loading metal_sn_loading tdep10 tdep40 tdep100
R2 cool H 150.0 450.0 0.08 100.0 245.0 2.0 330.9139277014607 64.12338282291145 7.722106880230479 1.2707213260327672 74.1110945597442 0.7690537658771801 1.128104318350595 0.790806261825541 27.891775153478797 2623266.68923353 1739900.2671361524 1.0884691772460937 1433.0022164659729 1.13975830078125e+49 0.022795166015625 0.7449500940021232 50.27600547273962 49.10120987538162 7.249160837259707e+46 0.029045596699380213 0.0032479294040936506 69.1733413780744 101.04273446281691 0.03870800506318082 1.139820366938316 0.02643065220112775 0.14094411734090828 0.6844016436798892 0.03508438779440886 0.03426457357231 0.006360261497802431 1.2741998316428509 0.1424832528908695 96.36659730183281 65.6952494146129 93.71586713117578
R2 int H 150.0 450.0 0.08 100.0 245.0 2.0 330.9139277014607 64.12338282291145 7.722106880230479 1.2707213260327672 74.1110945597442 0.7690537658771801 1.128104318350595 0.790806261825541 27.891775153478797 2623266.68923353 1739900.2671361524 1.0884691772460937 1433.0022164659729 1.13975830078125e+49 0.022795166015625 0.06323226281780091 10.140132746392672 9.191933292193669 2.8261501687841106e+46 0.0025852359712013138 0.0005629475994742894 141.32417933176615 206.49940045555203 0.04157961885739027 1.2229694388685943 0.04371443288917656 0.21459237458932248 0.05809283729814301 0.007076145891385962 0.006414458530889463 0.0024796048134476576 0.11341158776511027 0.024695920138875744 96.36659730183281 65.6952494146129 93.71586713117578
R2 hot H 150.0 450.0 0.08 100.0 245.0 2.0 330.9139277014607 64.12338282291145 7.722106880230479 1.2707213260327672 74.1110945597442 0.7690537658771801 1.128104318350595 0.790806261825541 27.891775153478797 2623266.68923353 1739900.2671361524 1.0884691772460937 1433.0022164659729 1.13975830078125e+49 0.022795166015625 0.13122564911759974 143.10497779081714 78.91976849657492 2.7574743869364036e+48 0.009575237069017289 0.006200765361864094 582.0984897809865 1395.4718524124694 0.07207606705861085 2.1385293380601555 0.2279831994401232 0.627279698990285 0.12055982094928051 0.09986375188151372 0.05507302611939044 0.24193501245363042 0.42005559698288314 0.2720210661161127 96.36659730183281 65.6952494146129 93.71586713117578
R2 whole H 150.0 450.0 0.08 100.0 245.0 2.0 330.9139277014607 64.12338282291145 7.722106880230479 1.2707213260327672 74.1110945597442 0.7690537658771801 1.128104318350595 0.790806261825541 27.891775153478797 2623266.68923353 1739900.2671361524 1.0884691772460937 1433.0022164659729 1.13975830078125e+49 0.022795166015625 0.9394080059375237 203.52111610624596 137.2129116641502 2.8582274969968417e+48 0.04120606973959882 0.009968564921954186 158.07385708747802 558.1899549852325 0.04419043883044873 1.3096543418942015 0.05914646946711987 0.2686682389416487 0.8630543019273126 0.1420242856345077 0.09575205822258989 0.25077487876488047 1.8076670163908444 0.4373104769283632 96.36659730183281 65.6952494146129 93.71586713117578
R2 cool 2H 150.0 450.0 0.08 100.0 245.0 2.0 330.9139277014607 64.12338282291145 7.722106880230479 1.2707213260327672 74.1110945597442 0.7690537658771801 1.128104318350595 0.790806261825541 27.891775153478797 2623266.68923353 1739900.2671361524 1.0884691772460937 1433.0022164659729 1.13975830078125e+49 0.022795166015625 0.2967544174044556 29.33652854185318 28.99676556741039 5.211565324655102e+46 0.011963562912721435 0.0025872941296182336 97.14273483953797 130.25603292513213 0.04158191342691439 1.2214373548971929 0.04379109014381649 0.2135692816631853 0.2726346538863561 0.020472074784505252 0.020234976076255726 0.004572517981297282 0.5248289441946149 0.11350187701395843 96.36659730183281 65.6952494146129 93.71586713117578
R2 int 2H 150.0 450.0 0.08 100.0 245.0 2.0 330.9139277014607 64.12338282291145 7.722106880230479 1.2707213260327672 74.1110945597442 0.7690537658771801 1.128104318350595 0.790806261825541 27.891775153478797 2623266.68923353 1739900.2671361524 1.0884691772460937 1433.0022164659729 1.13975830078125e+49 0.022795166015625 0.04197698704776625 7.520330900653366 6.97771845549739 2.1482648406284372e+46 0.00180451013102533 0.00048313137347021475 157.8349968987738 218.2274473545855 0.04365761807089909 1.2840004294958225 0.05632339946780394 0.26131023432417316 0.03856515914761232 0.005247954828150776 0.004869300532350627 0.0018848424610339789 0.07916196485642721 0.021194466104745683 96.36659730183281 65.6952494146129 93.71586713117578
R2 hot 2H 150.0 450.0 0.08 100.0 245.0 2.0 330.9139277014607 64.12338282291145 7.722106880230479 1.2707213260327672 74.1110945597442 0.7690537658771801 1.128104318350595 0.790806261825541 27.891775153478797 2623266.68923353 1739900.2671361524 1.0884691772460937 1433.0022164659729 1.13975830078125e+49 0.022795166015625 0.08559835693401126 74.12876272211969 41.87692251019339 1.1248884232255736e+48 0.005440340588597723 0.0030244954301047026 446.9449520765926 1041.676334923135 0.06128154619910251 1.802060771959002 0.16331230870210692 0.5278324789233261 0.07864104810995322 0.051729691601548125 0.029223208470304393 0.09869534816763485 0.23866202969825395 0.13268143903981902 96.36659730183281 65.6952494146129 93.71586713117578
R2 whole 2H 150.0 450.0 0.08 100.0 245.0 2.0 330.9139277014607 64.12338282291145 7.722106880230479 1.2707213260327672 74.1110945597442 0.7690537658771801 1.128104318350595 0.790806261825541 27.891775153478797 2623266.68923353 1739900.2671361524 1.0884691772460937 1433.0022164659729 1.13975830078125e+49 0.022795166015625 0.4243297613862331 110.98562222122816 77.85140653310117 1.1984867248784092e+48 0.019208413632344486 0.006094920933193151 181.47448659780545 495.310101000775 0.04613719250736743 1.3512728198310557 0.071619601101501 0.30858835043487 0.38984086114392164 0.07744972125370299 0.05432748507891075 0.10515270860996613 0.842652938749296 0.26737778215852315 96.36659730183281 65.6952494146129 93.71586713117578
R2 cool 500 150.0 450.0 0.08 100.0 245.0 2.0 330.9139277014607 64.12338282291145 7.722106880230479 1.2707213260327672 74.1110945597442 0.7690537658771801 1.128104318350595 0.790806261825541 27.891775153478797 2623266.68923353 1739900.2671361524 1.0884691772460937 1433.0022164659729 1.13975830078125e+49 0.022795166015625 0.3699825684406938 33.50179087798043 33.04830467192334 5.73575421135076e+46 0.014646885488458262 0.002810207558650982 90.91107323373798 124.14484145514008 0.04076974774668989 1.196909112899864 0.03889978750943764 0.19387351050321439 0.3399109282789033 0.023378743237816857 0.023062284406946753 0.005032430303353943 0.6425434883175898 0.1232808551043111 96.36659730183281 65.6952494146129 93.71586713117578
R2 int 500 150.0 450.0 0.08 100.0 245.0 2.0 330.9139277014607 64.12338282291145 7.722106880230479 1.2707213260327672 74.1110945597442 0.7690537658771801 1.128104318350595 0.790806261825541 27.891775153478797 2623266.68923353 1739900.2671361524 1.0884691772460937 1433.0022164659729 1.13975830078125e+49 0.022795166015625 0.048486453160951626 8.447841496210449 7.795041215984304 2.437815394354414e+46 0.002016740199098148 0.0005058461530200822 156.8460648545074 219.28273074147745 0.042974402575042474 1.2624924002260223 0.05223832453116594 0.2463126520053139 0.04454554540866824 0.005895204766008152 0.005439657473250949 0.0021388880367735927 0.08847227511814429 0.022190939634892274 96.36659730183281 65.6952494146129 93.71586713117578
R2 hot 500 150.0 450.0 0.08 100.0 245.0 2.0 330.9139277014607 64.12338282291145 7.722106880230479 1.2707213260327672 74.1110945597442 0.7690537658771801 1.128104318350595 0.790806261825541 27.891775153478797 2623266.68923353 1739900.2671361524 1.0884691772460937 1433.0022164659729 1.13975830078125e+49 0.022795166015625 0.10449820288047693 101.35782307573119 57.803217172387534 1.7577210463214692e+48 0.007042652439876045 0.004254647204321844 517.3109022653236 1198.1242599864418 0.06562473980255353 1.9449967632728549 0.1890215839089309 0.5715869168194079 0.09600474231605252 0.07073110000185262 0.0403371442892392 0.15421875367054885 0.3089537683142401 0.18664690581351703 96.36659730183281 65.6952494146129 93.71586713117578
R2 whole 500 150.0 450.0 0.08 100.0 245.0 2.0 330.9139277014607 64.12338282291145 7.722106880230479 1.2707213260327672 74.1110945597442 0.7690537658771801 1.128104318350595 0.790806261825541 27.891775153478797 2623266.68923353 1739900.2671361524 1.0884691772460937 1433.0022164659729 1.13975830078125e+49 0.022795166015625 0.5229672244821224 143.30745540389827 98.64656306029518 1.8394567423785208e+48 0.023706278127432454 0.007570700915992907 189.44982399162527 558.0225554289418 0.04630320668460624 1.361074094059875 0.0724329122595621 0.31167931170114266 0.48046121600362407 0.10000504797356059 0.0688390861694369 0.16139007201067637 1.0399695317499742 0.33211870055272036 96.36659730183281 65.6952494146129 93.71586713117578
R2 cool 1000 150.0 450.0 0.08 100.0 245.0 2.0 330.9139277014607 64.12338282291145 7.722106880230479 1.2707213260327672 74.1110945597442 0.7690537658771801 1.128104318350595 0.790806261825541 27.891775153478797 2623266.68923353 1739900.2671361524 1.0884691772460937 1433.0022164659729 1.13975830078125e+49 0.022795166015625 0.1913255624991362 22.620631207187028 22.434711055855377 4.290055831171814e+46 0.007844843916349476 0.00199728528803584 109.59016863256765 141.52770576390367 0.04269289158053644 1.2498430733132475 0.050709843390640406 0.2380056964171 0.1757749015761786 0.015785482358131552 0.01565574065278363 0.0037640049019438465 0.3441450661500868 0.08761880859594513 96.36659730183281 65.6952494146129 93.71586713117578
R2 int 1000 150.0 450.0 0.08 100.0 245.0 2.0 330.9139277014607 64.12338282291145 7.722106880230479 1.2707213260327672 74.1110945597442 0.7690537658771801 1.128104318350595 0.790806261825541 27.891775153478797 2623266.68923353 1739900.2671361524 1.0884691772460937 1433.0022164659729 1.13975830078125e+49 0.022795166015625 0.02841661050692214 5.683058848278964 5.359245727447595 1.6751112743399257e+46 0.0012537581984820103 0.0003733726262541324 168.54128285477006 224.1292173088784 0.044720182702570485 1.311558251690387 0.0629266156590821 0.2826843196593049 0.02610695011026241 0.003965840933794474 0.0037398726016379838 0.0014697074574422635 0.05500105582133593 0.016379465102302974 96.36659730183281 65.6952494146129 93.71586713117578
R2 hot 1000 150.0 450.0 0.08 100.0 245.0 2.0 330.9139277014607 64.12338282291145 7.722106880230479 1.2707213260327672 74.1110945597442 0.7690537658771801 1.128104318350595 0.790806261825541 27.891775153478797 2623266.68923353 1739900.2671361524 1.0884691772460937 1433.0022164659729 1.13975830078125e+49 0.022795166015625 0.0604733562437651 47.04471902795532 29.042063928349613 6.408084305764029e+47 0.0037030042929005556 0.001912195526254 386.35312418048596 830.7584287134907 0.05642694320358726 1.6573983851249747 0.13396911366906294 0.46847184905525613 0.05555817060136429 0.03282948099269211 0.02026658688635687 0.0562231861033308 0.16244691047050602 0.08388601008403629 96.36659730183281 65.6952494146129 93.71586713117578
R2 whole 1000 150.0 450.0 0.08 100.0 245.0 2.0 330.9139277014607 64.12338282291145 7.722106880230479 1.2707213260327672 74.1110945597442 0.7690537658771801 1.128104318350595 0.790806261825541 27.891775153478797 2623266.68923353 1739900.2671361524 1.0884691772460937 1433.0022164659729 1.13975830078125e+49 0.022795166015625 0.28021552924982335 75.34840911032907 56.83602071165259 7.0046010163152035e+47 0.012801606407732041 0.0042828534405439725 195.76177678453493 442.9771807736349 0.046795831617732674 1.3644942208772481 0.0758781884236826 0.3174613205085757 0.2574400222878052 0.05258080430339533 0.03966220014077848 0.0614568984627169 0.5615930324419287 0.1878842837822844 96.36659730183281 65.6952494146129 93.71586713117578
R4 cool H 50.0 208.028 0.0239821 53.7312 245.0 4.0 338.97583404850667 40.614129516282674 1.3580892743117305 0.49642801551340165 29.464056135361222 0.0912253715895049 0.12471454711221791 0.14934947288653422 4.257230507850131 362252.38999856624 287928.6746697065 0.1205152702331543 158.66195660133064 1.2619400024414062e+48 0.0025238800048828125 0.26040428697061 11.906015671812929 11.415187363072711 1.0153181356079812e+46 0.008064590588171121 0.00042111870175733513 46.70147700414816 66.94505165070711 0.031966953926319826 1.0617360971437657 0.010828430361501695 0.06844822539365424 2.1607576074535624 0.07504014148602196 0.0719465939258244 0.008045692613307296 3.1953145841200845 0.16685369389298216 322.98093854792194 236.25195951559306 197.28262554864227
R4 int H 50.0 208.028 0.0239821 53.7312 245.0 4.0 338.97583404850667 40.614129516282674 1.3580892743117305 0.49642801551340165 29.464056135361222 0.0912253715895049 0.12471454711221791 0.14934947288653422 4.257230507850131 362252.38999856624 287928.6746697065 0.1205152702331543 158.66195660133064 1.2619400024414062e+48 0.0025238800048828125 0.014070077513580527 1.8413534768381192 1.595154822912008 4.068746963358601e+45 0.00047001362752268873 7.053615505451224e-05 106.80198854568845 163.6206333256266 0.03407975491535377 1.1316470248537234 0.022513183296401628 0.1336663698659241 0.11674933380939957 0.011605513484652668 0.010053795232843044 0.003224200005932944 0.1862266140281547 0.027947507376757136 322.98093854792194 236.25195951559306 197.28262554864227
R4 hot H 50.0 208.028 0.0239821 53.7312 245.0 4.0 338.97583404850667 40.614129516282674 1.3580892743117305 0.49642801551340165 29.464056135361222 0.0912253715895049 0.12471454711221791 0.14934947288653422 4.257230507850131 362252.38999856624 287928.6746697065 0.1205152702331543 158.66195660133064 1.2619400024414062e+48 0.0025238800048828125 0.026286596012465368 18.286957109465497 10.9682303178864 2.1802954264932582e+47 0.0012723725610277574 0.000582579821262952 381.93862363326144 817.0948421125238 0.046404914995981345 1.5509309306592396 0.09491521120766848 0.39892431426034375 0.21811838418160728 0.11525735280962829 0.06912955413405265 0.1727733031899425 0.5041335398537837 0.23082706790174917 322.98093854792194 236.25195951559306 197.28262554864227
R4 whole H 50.0 208.028 0.0239821 53.7312 245.0 4.0 338.97583404850667 40.614129516282674 1.3580892743117305 0.49642801551340165 29.464056135361222 0.0912253715895049 0.12471454711221791 0.14934947288653422 4.257230507850131 362252.38999856624 287928.6746697065 0.1205152702331543 158.66195660133064 1.2619400024414062e+48 0.0025238800048828125 0.3007609604966559 32.03432626516262 23.97857250387112 2.322514709687642e+47 0.00980697677672157 0.0010132497171479278 103.6914207322538 316.0325037556584 0.03425020036010532 1.1383611371334594 0.023633557838674154 0.13629402959927855 2.4956253254445695 0.20190300782471227 0.15112994329272011 0.1840431958091827 3.885674738002024 0.4014650915208524 322.98093854792194 236.25195951559306 197.28262554864227
R4 cool 2H 50.0 208.028 0.0239821 53.7312 245.0 4.0 338.97583404850667 40.614129516282674 1.3580892743117305 0.49642801551340165 29.464056135361222 0.0912253715895049 0.12471454711221791 0.14934947288653422 4.257230507850131 362252.38999856624 287928.6746697065 0.1205152702331543 158.66195660133064 1.2619400024414062e+48 0.0025238800048828125 0.08117442535676346 5.420209106121375 5.295401349721208 5.987154683652764e+45 0.0026715350867944857 0.0003603233993758283 62.98339265952731 83.52180584347163 0.033879395198256744 1.124774146803793 0.021337793253698507 0.1269101130705996 0.6735613271224447 0.03416199586987771 0.03337536901191093 0.0047444051793823355 1.058503209988594 0.14276566186931644 322.98093854792194 236.25195951559306 197.28262554864227
