data/twind/tables/table-mean-err.ecsv
# %ECSV 0.9
# ---
# datatype:
# - {name: model, datatype: string}
# - {name: phase, datatype: string}
# - {name: z, datatype: string}
# - {name: Sigma_gas0, unit: solMass / pc2, datatype: float64}
# - {name: Sigma_star, unit: solMass / pc2, datatype: float64}
# - {name: rho_dm, unit: solMass / pc3, datatype: float64}
# - {name: Omega_0, unit: km / (kpc s), datatype: float64}
# - {name: z_star, unit: pc, datatype: float64}
# - {name: R_0, unit: kpc, datatype: float64}
# - {name: H, unit: pc, datatype: float64}
# - {name: sigma_eff, unit: km / s, datatype: float64}
# - {name: ngas, unit: 1 / cm3, datatype: float64}
# - {name: rho_tot, unit: solMass / pc3, datatype: float64}
# - {name: surf, unit: solMass / pc2, datatype: float64}
# - {name: sfr10, unit: solMass / (kpc2 yr), datatype: float64}
# - {name: sfr40, unit: solMass / (kpc2 yr), datatype: float64}
# - {name: sfr100, unit: solMass / (kpc2 yr), datatype: float64}
# - {name: nmid_2p, unit: 1 / cm3, datatype: float64}
# - {name: Pmid_2p, unit: K / cm3, datatype: float64}
# - {name: W_2p, unit: K / cm3, datatype: float64}
# - {name: mass_norm, unit: solMass / (kpc2 yr), datatype: float64}
# - {name: mom_norm, unit: km solMass / (kpc2 s yr), datatype: float64}
# - {name: energy_norm, unit: erg / (kpc2 yr), datatype: float64}
# - {name: metal_norm, unit: solMass / (kpc2 yr), datatype: float64}
# - {name: mass, unit: solMass / (kpc2 yr), datatype: float64}
# - {name: mom, unit: km solMass / (kpc2 s yr), datatype: float64}
# - {name: mom_kin, unit: km solMass / (kpc2 s yr), datatype: float64}
# - {name: energy, unit: erg / (kpc2 yr), datatype: float64}
# - {name: metal, unit: solMass / (kpc2 yr), datatype: float64}
# - {name: metal_sn, unit: solMass / (kpc2 yr), datatype: float64}
# - {name: vout_flux, unit: km / s, datatype: float64}
# - {name: vB, unit: km / s, datatype: float64}
# - {name: Z, datatype: float64}
# - {name: enrichment, datatype: float64}
# - {name: fmass_sn, datatype: float64}
# - {name: fmetal_sn, datatype: float64}
# - {name: mass_loading, datatype: float64}
# - {name: mom_loading, datatype: float64}
# - {name: mom_kin_loading, datatype: float64}
# - {name: energy_loading, datatype: float64}
# - {name: metal_loading, datatype: float64}
# - {name: metal_sn_loading, datatype: float64}
# - {name: tdep10, unit: Myr, datatype: float64}
# - {name: tdep40, unit: Myr, datatype: float64}
# - {name: tdep100, unit: Myr, datatype: float64}
# meta: !!omap
# - __serialized_columns__:
#     H:
#       __class__: astropy.units.quantity.Quantity
#       unit: &id005 !astropy.units.Unit {unit: pc}
#       value: !astropy.table.SerializedColumn {name: H}
#     Omega_0:
#       __class__: astropy.units.quantity.Quantity
#       unit: !astropy.units.Unit {unit: km / (kpc s)}
#       value: !astropy.table.SerializedColumn {name: Omega_0}
#     Pmid_2p:
#       __class__: astropy.units.quantity.Quantity
#       unit: !astropy.units.Unit {unit: K / cm3}
#       value: !astropy.table.SerializedColumn {name: Pmid_2p}
#     R_0:
#       __class__: astropy.units.quantity.Quantity
#       unit: !astropy.units.Unit {unit: kpc}
#       value: !astropy.table.SerializedColumn {name: R_0}
#     Sigma_gas0:
#       __class__: astropy.units.quantity.Quantity
#       unit: !astropy.units.Unit {unit: solMass / pc2}
[...]
#       unit: !astropy.units.Unit {unit: km / s}
#       value: !astropy.table.SerializedColumn {name: sigma_eff}
#     surf:
#       __class__: astropy.units.quantity.Quantity
#       unit: !astropy.units.Unit {unit: solMass / pc2}
#       value: !astropy.table.SerializedColumn {name: surf}
#     tdep10:
#       __class__: astropy.units.quantity.Quantity
#       unit: &id004 !astropy.units.Unit {unit: Myr}
#       value: !astropy.table.SerializedColumn {name: tdep10}
#     tdep100:
#       __class__: astropy.units.quantity.Quantity
#       unit: *id004
#       value: !astropy.table.SerializedColumn {name: tdep100}
#     tdep40:
#       __class__: astropy.units.quantity.Quantity
#       unit: *id004
#       value: !astropy.table.SerializedColumn {name: tdep40}
#     vB:
#       __class__: astropy.units.quantity.Quantity
#       unit: !astropy.units.Unit {unit: km / s}
#       value: !astropy.table.SerializedColumn {name: vB}
#     vout_flux:
#       __class__: astropy.units.quantity.Quantity
#       unit: !astropy.units.Unit {unit: km / s}
#       value: !astropy.table.SerializedColumn {name: vout_flux}
#     z_star:
#       __class__: astropy.units.quantity.Quantity
#       unit: *id005
#       value: !astropy.table.SerializedColumn {name: z_star}
# schema: astropy-2.0
model phase z Sigma_gas0 Sigma_star rho_dm Omega_0 z_star R_0 H sigma_eff ngas rho_tot surf sfr10 sfr40 sfr100 nmid_2p Pmid_2p W_2p mass_norm mom_norm energy_norm metal_norm mass mom mom_kin energy metal metal_sn vout_flux vB Z enrichment fmass_sn fmetal_sn mass_loading mom_loading mom_kin_loading energy_loading metal_loading metal_sn_loading tdep10 tdep40 tdep100
[from data line 43]
R8 whole 500 0.0 0.0 0.0 0.0 0.0 0.0 15.650468785385387 0.6057192180716527 0.07089755603810909 0.002500513369538071 0.11549985285202666 0.0012358704919799535 0.00038234695063900067 0.0001473152926120944 0.10362233051492747 1598.1643041040072 363.6502867927863 0.000661411422878011 0.8707679140516555 6.925774061549854e+45 1.3851548123099707e-05 0.0045449851988279485 0.2053326709776923 0.15174853042021266 1.032352891792651e+45 0.00010291098067151582 5.810185011419277e-06 5.819410591019823 17.67018780111148 0.0002883672755853579 0.008468340227790897 0.0010548775261888699 0.007901589633420296 1.0083022646736037 0.036488397721287855 0.026436785440954427 0.02158573610026169 1.093299239346248 0.06415113261650615 480.3353064387594 156.682970813926 57.104284665790566
R8 cool 1000 0.0 0.0 0.0 0.0 0.0 0.0 15.650468785385387 0.6057192180716527 0.07089755603810909 0.002500513369538071 0.11549985285202666 0.0012358704919799535 0.00038234695063900067 0.0001473152926120944 0.10362233051492747 1598.1643041040072 363.6502867927863 0.000661411422878011 0.8707679140516555 6.925774061549854e+45 1.3851548123099707e-05 0.001457558651676092 0.06054680825956862 0.05843987023077496 4.162754231446864e+43 3.36659216398127e-05 2.2361722862103495e-06 4.908506257980289 4.677457697864795 0.0002707628391324145 0.006707138490766773 0.00084280823502695 0.006172094863599351 0.3072648047623012 0.009573518871374587 0.009188597649880786 0.0008292966966281936 0.3389222312541109 0.02269660194146712 480.3353064387594 156.682970813926 57.104284665790566
R8 int 1000 0.0 0.0 0.0 0.0 0.0 0.0 15.650468785385387 0.6057192180716527 0.07089755603810909 0.002500513369538071 0.11549985285202666 0.0012358704919799535 0.00038234695063900067 0.0001473152926120944 0.10362233051492747 1598.1643041040072 363.6502867927863 0.000661411422878011 0.8707679140516555 6.925774061549854e+45 1.3851548123099707e-05 0.00015722959285525975 0.01597133099787146 0.012530717991771696 2.965525851606798e+43 3.7689580085168616e-06 4.0768207185561975e-07 4.780435574936893 4.77770851654995 0.00021689137634459506 0.004633346989456815 0.000565351571068662 0.004242261664991616 0.03585414295275534 0.0027768347092264737 0.002105986764911289 0.0006373310489044707 0.041042214796977124 0.004445611106705498 480.3353064387594 156.682970813926 57.104284665790566
R8 hot 1000 0.0 0.0 0.0 0.0 0.0 0.0 15.650468785385387 0.6057192180716527 0.07089755603810909 0.002500513369538071 0.11549985285202666 0.0012358704919799535 0.00038234695063900067 0.0001473152926120944 0.10362233051492747 1598.1643041040072 363.6502867927863 0.000661411422878011 0.8707679140516555 6.925774061549854e+45 1.3851548123099707e-05 0.0001450774974983413 0.07395380761613143 0.03556507906038912 6.09077139800432e+44 4.520568935785862e-06 1.608106649186225e-06 17.2410880246937 33.20297773517074 0.000687936269585125 0.025219270761893092 0.003251349024982711 0.015513295372749128 0.03337202042048432 0.012325196931913902 0.005857669045967612 0.012060105294121997 0.0487238072413767 0.01650206531564143 480.3353064387594 156.682970813926 57.104284665790566
R8 whole 1000 0.0 0.0 0.0 0.0 0.0 0.0 15.650468785385387 0.6057192180716527 0.07089755603810909 0.002500513369538071 0.11549985285202666 0.0012358704919799535 0.00038234695063900067 0.0001473152926120944 0.10362233051492747 1598.1643041040072 363.6502867927863 0.000661411422878011 0.8707679140516555 6.925774061549854e+45 1.3851548123099707e-05 0.001674042547978695 0.1323708191082094 0.09342218650764723 6.45849090741501e+44 3.9715805861748075e-05 3.833306971017923e-06 7.695914769749273 19.711112633298548 0.0003473005328364812 0.010590202122784255 0.0013284749115432622 0.009341924692757441 0.36059155714481395 0.022229293922499723 0.015355028914011809 0.012919125916094265 0.40906015159403425 0.04011580282761555 480.3353064387594 156.682970813926 57.104284665790566
R16 cool H 0.0 0.0 0.0 0.0 0.0 0.0 89.69290160042513 0.6431714683277714 0.012145145227328935 0.0004283518320376716 0.004974044902341439 3.3449161369162523e-05 2.2904137129640765e-05 1.441697756580929e-05 0.010848225158516253 120.12748471601527 43.09515558761268 2.790989060951501e-05 0.03674420547759372 2.922501634504189e+44 5.845003269008378e-07 0.0012006087701629388 0.017825178597769848 0.011231863580415042 5.1297433759966786e+42 2.42847787272457e-05 6.994177982519221e-09 0.9687700486506501 0.9506690449400198 3.106721017687503e-05 0.0009264207641563475 2.2068475753747202e-05 0.00024033279188725472 20.132535714219767 0.23377178203748172 0.13726477473148396 0.00808493512194841 19.4291186255315 0.0034321755614751585 14514.384000393104 8861.325607582989 7547.4809873051545
R16 int H 0.0 0.0 0.0 0.0 0.0 0.0 89.69290160042513 0.6431714683277714 0.012145145227328935 0.0004283518320376716 0.004974044902341439 3.3449161369162523e-05 2.2904137129640765e-05 1.441697756580929e-05 0.010848225158516253 120.12748471601527 43.09515558761268 2.790989060951501e-05 0.03674420547759372 2.922501634504189e+44 5.845003269008378e-07 1.1600024419690983e-05 0.0009052590240940886 0.0005657219756103009 1.4594825208141642e+42 2.494362914812996e-07 1.7626048946233086e-08 5.366068553933274 5.90203371280047 0.00026391769017159236 0.013000277065970562 0.0015166924961013707 0.010381233497339314 0.15786865447235868 0.00942965492484895 0.005485451131118675 0.001756720487605093 0.16235294835877281 0.01126523360643622 14514.384000393104 8861.325607582989 7547.4809873051545
R16 hot H 0.0 0.0 0.0 0.0 0.0 0.0 89.69290160042513 0.6431714683277714 0.012145145227328935 0.0004283518320376716 0.004974044902341439 3.3449161369162523e-05 2.2904137129640765e-05 1.441697756580929e-05 0.010848225158516253 120.12748471601527 43.09515558761268 2.790989060951501e-05 0.03674420547759372 2.922501634504189e+44 5.845003269008378e-07 6.006864596499144e-06 0.0044937299526928605 0.0013054712703204753 3.854280539293053e+43 1.910920209291147e-07 9.159441442327831e-08 24.912518954761634 89.86687952408457 0.0033328129591687224 0.16480488882260944 0.01664956534413505 0.054962182174516004 0.0737117830698231 0.0405132417905806 0.011361588564746677 0.04131082074189102 0.11187221485915307 0.05115024080167623 14514.384000393104 8861.325607582989 7547.4809873051545
R16 whole H 0.0 0.0 0.0 0.0 0.0 0.0 89.69290160042513 0.6431714683277714 0.012145145227328935 0.0004283518320376716 0.004974044902341439 3.3449161369162523e-05 2.2904137129640765e-05 1.441697756580929e-05 0.010848225158516253 120.12748471601527 43.09515558761268 2.790989060951501e-05 0.03674420547759372 2.922501634504189e+44 5.845003269008378e-07 0.0012106330818740752 0.02124587673920799 0.012202506054114971 4.1674320428373766e+43 2.4540417675876076e-05 7.127643908825591e-08 1.059063230993939 5.406329940850786 3.416992624187346e-05 0.0012952274209676576 6.239536257314237e-05 0.000678385034062345 20.3099118126227 0.2712013079057402 0.14855029432007885 0.047451350862189885 19.63924266675634 0.03669841625586368 14514.384000393104 8861.325607582989 7547.4809873051545
R16 cool 2H 0.0 0.0 0.0 0.0 0.0 0.0 89.69290160042513 0.6431714683277714 0.012145145227328935 0.0004283518320376716 0.004974044902341439 3.3449161369162523e-05 2.2904137129640765e-05 1.441697756580929e-05 0.010848225158516253 120.12748471601527 43.09515558761268 2.790989060951501e-05 0.03674420547759372 2.922501634504189e+44 5.845003269008378e-07 0.0006825140104225238 0.012988302433060768 0.010979165619461523 4.582524326289704e+42 1.3811726515497287e-05 1.526161177235815e-08 1.673080182501115 1.3323361458394103 2.892358140496397e-05 0.0015284335155022293 9.397857982349655e-05 0.0010000606306031592 8.772128383525462 0.1252165811635342 0.10176927584767173 0.005443822222605409 8.47540105718371 0.008210496261167665 14514.384000393104 8861.325607582989 7547.4809873051545
R16 int 2H 0.0 0.0 0.0 0.0 0.0 0.0 89.69290160042513 0.6431714683277714 0.012145145227328935 0.0004283518320376716 0.004974044902341439 3.3449161369162523e-05 2.2904137129640765e-05 1.441697756580929e-05 0.010848225158516253 120.12748471601527 43.09515558761268 2.790989060951501e-05 0.03674420547759372 2.922501634504189e+44 5.845003269008378e-07 9.859659295637087e-06 0.0010226349574077001 0.0007194437663838471 2.0228993945873818e+42 2.102042914946827e-07 1.7310619128657306e-08 7.609808467202731 9.514489363365053 0.0003535747862307747 0.017749422197451344 0.0020399561514370937 0.015497734790244562 0.11296909813465378 0.008784777119367785 0.005978380236871058 0.002098154834200843 0.11529655245919916 0.009250418129660787 14514.384000393104 8861.325607582989 7547.4809873051545
R16 hot 2H 0.0 0.0 0.0 0.0 0.0 0.0 89.69290160042513 0.6431714683277714 0.012145145227328935 0.0004283518320376716 0.004974044902341439 3.3449161369162523e-05 2.2904137129640765e-05 1.441697756580929e-05 0.010848225158516253 120.12748471601527 43.09515558761268 2.790989060951501e-05 0.03674420547759372 2.922501634504189e+44 5.845003269008378e-07 3.966250229794478e-06 0.0023851880782871566 0.0006344690204307188 1.5364543997989225e+43 1.138146726179357e-07 4.891087988484158e-08 31.939188712242743 101.7374274805292 0.003601783122176348 0.179164522031257 0.012465640814261126 0.06762344183997643 0.0431735792217869 0.019730534567634565 0.005235562816022039 0.01571464155590252 0.059730590016618276 0.02534408641362868 14514.384000393104 8861.325607582989 7547.4809873051545
R16 whole 2H 0.0 0.0 0.0 0.0 0.0 0.0 89.69290160042513 0.6431714683277714 0.012145145227328935 0.0004283518320376716 0.004974044902341439 3.3449161369162523e-05 2.2904137129640765e-05 1.441697756580929e-05 0.010848225158516253 120.12748471601527 43.09515558761268 2.790989060951501e-05 0.03674420547759372 2.922501634504189e+44 5.845003269008378e-07 0.0006869877519590675 0.014346599246402329 0.011342736242451435 1.8396550209689353e+43 1.3922688693544359e-05 6.342793835431013e-08 1.8943057234899026 6.5966165672270956 3.182447979803621e-05 0.002050316316713536 0.00016375814025887714 0.0017284342505502809 8.848409167841266 0.13998048947372563 0.10627501362048392 0.01986578884639303 8.563639641277941 0.03380833696896662 14514.384000393104 8861.325607582989 7547.4809873051545
R16 cool 500 0.0 0.0 0.0 0.0 0.0 0.0 89.69290160042513 0.6431714683277714 0.012145145227328935 0.0004283518320376716 0.004974044902341439 3.3449161369162523e-05 2.2904137129640765e-05 1.441697756580929e-05 0.010848225158516253 120.12748471601527 43.09515558761268 2.790989060951501e-05 0.03674420547759372 2.922501634504189e+44 5.845003269008378e-07 0.0013720927504879367 0.02216571921576955 0.014207264235619533 7.379190141100237e+42 2.7781939007172166e-05 5.771821211251242e-08 0.9760928734662621 1.1697148973936675 7.683804187338956e-05 0.0035530803666255066 0.0003616054652493849 0.0034886567841850894 22.73850116437958 0.2749845694488987 0.16401622441164637 0.010667690592907555 21.976593333692094 0.02926557988138627 14514.384000393104 8861.325607582989 7547.4809873051545
R16 int 500 0.0 0.0 0.0 0.0 0.0 0.0 89.69290160042513 0.6431714683277714 0.012145145227328935 0.0004283518320376716 0.004974044902341439 3.3449161369162523e-05 2.2904137129640765e-05 1.441697756580929e-05 0.010848225158516253 120.12748471601527 43.09515558761268 2.790989060951501e-05 0.03674420547759372 2.922501634504189e+44 5.845003269008378e-07 3.44041509193128e-05 0.0028864772702940416 0.0017281198918598789 4.596354557316912e+42 7.334351972772159e-07 3.75977663631005e-08 5.347474489311383 7.413697077190539 0.0003947308812582299 0.0195634828338775 0.002124627185568363 0.01597811915064561 0.4318828413167156 0.027527492976555983 0.015737716224220395 0.0052792353923367666 0.4399164383085157 0.02306305556793856 14514.384000393104 8861.325607582989 7547.4809873051545
R16 hot 500 0.0 0.0 0.0 0.0 0.0 0.0 89.69290160042513 0.6431714683277714 0.012145145227328935 0.0004283518320376716 0.004974044902341439 3.3449161369162523e-05 2.2904137129640765e-05 1.441697756580929e-05 0.010848225158516253 120.12748471601527 43.09515558761268 2.790989060951501e-05 0.03674420547759372 2.922501634504189e+44 5.845003269008378e-07 1.7628421099669245e-05 0.012487391600811047 0.0034191894501280394 1.062965882713553e+44 5.488571255527583e-07 2.2832841385494018e-07 27.80012583778713 95.57072264032018 0.003111930419422562 0.15357949834696583 0.01633317130274825 0.05329629744419791 0.21113447780235156 0.1129519902555531 0.030287402955852 0.11543564598362237 0.31474943031863567 0.1290632774800147 14514.384000393104 8861.325607582989 7547.4809873051545
R16 whole 500 0.0 0.0 0.0 0.0 0.0 0.0 89.69290160042513 0.6431714683277714 0.012145145227328935 0.0004283518320376716 0.004974044902341439 3.3449161369162523e-05 2.2904137129640765e-05 1.441697756580929e-05 0.010848225158516253 120.12748471601527 43.09515558761268 2.790989060951501e-05 0.03674420547759372 2.922501634504189e+44 5.845003269008378e-07 0.0013990939616523224 0.032624544905165476 0.017531406577818404 1.134632599773969e+44 2.845008709742105e-05 2.9711527369756616e-07 1.2647283333347499 8.575226013423592 8.717919440294128e-05 0.003918264961145627 0.0004074818614414391 0.003938790399888721 23.19253451391299 0.38382268185458984 0.198276770381697 0.1265541111928404 22.508880552692055 0.15790055830411223 14514.384000393104 8861.325607582989 7547.4809873051545
R16 cool 1000 0.0 0.0 0.0 0.0 0.0 0.0 89.69290160042513 0.6431714683277714 0.012145145227328935 0.0004283518320376716 0.004974044902341439 3.3449161369162523e-05 2.2904137129640765e-05 1.441697756580929e-05 0.010848225158516253 120.12748471601527 43.09515558761268 2.790989060951501e-05 0.03674420547759372 2.922501634504189e+44 5.845003269008378e-07 0.0010403625192804936 0.017867740551390034 0.013281737297239256 5.82926417436262e+42 2.1152684822643763e-05 1.0841879518593602e-08 1.7532530510277593 1.7246559052834893 4.34097681932874e-05 0.0017217884170203169 0.00011385638249085235 0.0013143063038238288 15.750948133527272 0.20238945398554445 0.14103738369952734 0.007953994439003883 15.25392194290286 0.005491443761660487 14514.384000393104 8861.325607582989 7547.4809873051545
R16 int 1000 0.0 0.0 0.0 0.0 0.0 0.0 89.69290160042513 0.6431714683277714 0.012145145227328935 0.0004283518320376716 0.004974044902341439 3.3449161369162523e-05 2.2904137129640765e-05 1.441697756580929e-05 0.010848225158516253 120.12748471601527 43.09515558761268 2.790989060951501e-05 0.03674420547759372 2.922501634504189e+44 5.845003269008378e-07 1.7120608821791293e-05 0.0014041728501179968 0.0007985903018691989 1.9690372888022072e+42 3.6710341822513814e-07 2.096683893721678e-08 5.762135273898056 7.747950171303588 0.0004052852020638723 0.02053596637107837 0.0021897177619108837 0.01707563143304587 0.20390317038161368 0.012745190230119623 0.007033844953907483 0.0021883665952433236 0.20901995978459229 0.012265122120735137 14514.384000393104 8861.325607582989 7547.4809873051545
