data/twind/tables/table-mean-err.ecsv
# %ECSV 0.9
# ---
# datatype:
# - {name: model, datatype: string}
# - {name: phase, datatype: string}
# - {name: z, datatype: string}
# - {name: Sigma_gas0, unit: solMass / pc2, datatype: float64}
# - {name: Sigma_star, unit: solMass / pc2, datatype: float64}
# - {name: rho_dm, unit: solMass / pc3, datatype: float64}
# - {name: Omega_0, unit: km / (kpc s), datatype: float64}
# - {name: z_star, unit: pc, datatype: float64}
# - {name: R_0, unit: kpc, datatype: float64}
# - {name: H, unit: pc, datatype: float64}
# - {name: sigma_eff, unit: km / s, datatype: float64}
# - {name: ngas, unit: 1 / cm3, datatype: float64}
# - {name: rho_tot, unit: solMass / pc3, datatype: float64}
# - {name: surf, unit: solMass / pc2, datatype: float64}
# - {name: sfr10, unit: solMass / (kpc2 yr), datatype: float64}
# - {name: sfr40, unit: solMass / (kpc2 yr), datatype: float64}
# - {name: sfr100, unit: solMass / (kpc2 yr), datatype: float64}
# - {name: nmid_2p, unit: 1 / cm3, datatype: float64}
# - {name: Pmid_2p, unit: K / cm3, datatype: float64}
# - {name: W_2p, unit: K / cm3, datatype: float64}
# - {name: mass_norm, unit: solMass / (kpc2 yr), datatype: float64}
# - {name: mom_norm, unit: km solMass / (kpc2 s yr), datatype: float64}
# - {name: energy_norm, unit: erg / (kpc2 yr), datatype: float64}
# - {name: metal_norm, unit: solMass / (kpc2 yr), datatype: float64}
# - {name: mass, unit: solMass / (kpc2 yr), datatype: float64}
# - {name: mom, unit: km solMass / (kpc2 s yr), datatype: float64}
# - {name: mom_kin, unit: km solMass / (kpc2 s yr), datatype: float64}
# - {name: energy, unit: erg / (kpc2 yr), datatype: float64}
# - {name: metal, unit: solMass / (kpc2 yr), datatype: float64}
# - {name: metal_sn, unit: solMass / (kpc2 yr), datatype: float64}
# - {name: vout_flux, unit: km / s, datatype: float64}
# - {name: vB, unit: km / s, datatype: float64}
# - {name: Z, datatype: float64}
# - {name: enrichment, datatype: float64}
# - {name: fmass_sn, datatype: float64}
# - {name: fmetal_sn, datatype: float64}
# - {name: mass_loading, datatype: float64}
# - {name: mom_loading, datatype: float64}
# - {name: mom_kin_loading, datatype: float64}
# - {name: energy_loading, datatype: float64}
# - {name: metal_loading, datatype: float64}
# - {name: metal_sn_loading, datatype: float64}
# - {name: tdep10, unit: Myr, datatype: float64}
# - {name: tdep40, unit: Myr, datatype: float64}
# - {name: tdep100, unit: Myr, datatype: float64}
# meta: !!omap
# - __serialized_columns__:
#     H:
#       __class__: astropy.units.quantity.Quantity
#       unit: &id005 !astropy.units.Unit {unit: pc}
#       value: !astropy.table.SerializedColumn {name: H}
#     Omega_0:
#       __class__: astropy.units.quantity.Quantity
#       unit: !astropy.units.Unit {unit: km / (kpc s)}
#       value: !astropy.table.SerializedColumn {name: Omega_0}
#     Pmid_2p:
#       __class__: astropy.units.quantity.Quantity
#       unit: !astropy.units.Unit {unit: K / cm3}
#       value: !astropy.table.SerializedColumn {name: Pmid_2p}
#     R_0:
#       __class__: astropy.units.quantity.Quantity
#       unit: !astropy.units.Unit {unit: kpc}
#       value: !astropy.table.SerializedColumn {name: R_0}
#     Sigma_gas0:
#       __class__: astropy.units.quantity.Quantity
#       unit: !astropy.units.Unit {unit: solMass / pc2}
[...]
#       unit: !astropy.units.Unit {unit: km / s}
#       value: !astropy.table.SerializedColumn {name: sigma_eff}
#     surf:
#       __class__: astropy.units.quantity.Quantity
#       unit: !astropy.units.Unit {unit: solMass / pc2}
#       value: !astropy.table.SerializedColumn {name: surf}
#     tdep10:
#       __class__: astropy.units.quantity.Quantity
#       unit: &id004 !astropy.units.Unit {unit: Myr}
#       value: !astropy.table.SerializedColumn {name: tdep10}
#     tdep100:
#       __class__: astropy.units.quantity.Quantity
#       unit: *id004
#       value: !astropy.table.SerializedColumn {name: tdep100}
#     tdep40:
#       __class__: astropy.units.quantity.Quantity
#       unit: *id004
#       value: !astropy.table.SerializedColumn {name: tdep40}
#     vB:
#       __class__: astropy.units.quantity.Quantity
#       unit: !astropy.units.Unit {unit: km / s}
#       value: !astropy.table.SerializedColumn {name: vB}
#     vout_flux:
#       __class__: astropy.units.quantity.Quantity
#       unit: !astropy.units.Unit {unit: km / s}
#       value: !astropy.table.SerializedColumn {name: vout_flux}
#     z_star:
#       __class__: astropy.units.quantity.Quantity
#       unit: *id005
#       value: !astropy.table.SerializedColumn {name: z_star}
# schema: astropy-2.0
model phase z Sigma_gas0 Sigma_star rho_dm Omega_0 z_star R_0 H sigma_eff ngas rho_tot surf sfr10 sfr40 sfr100 nmid_2p Pmid_2p W_2p mass_norm mom_norm energy_norm metal_norm mass mom mom_kin energy metal metal_sn vout_flux vB Z enrichment fmass_sn fmetal_sn mass_loading mom_loading mom_kin_loading energy_loading metal_loading metal_sn_loading tdep10 tdep40 tdep100
[from data line 22]
R4 hot 2H 0.0 0.0 0.0 0.0 0.0 0.0 35.08603375813366 2.4002290003770708 0.44797766382109877 0.015799897771327547 1.0558824802990148 0.029848893122649257 0.0258170378460518 0.012349932381038457 1.1321410348168623 110706.77616503416 21914.273039845866 0.025956987082728634 34.173149593852905 2.718009118610328e+47 0.0005436018237220656 0.0033988030248822713 2.3592295981794456 1.474976348507235 2.8904578240557117e+46 0.00016320705458916108 8.645177606582945e-05 24.517229334583163 47.005439424600034 0.0012058038230703476 0.054729423608428265 0.007508348196362298 0.026854886676069264 0.04170205712327061 0.020010983632621753 0.012349759985442266 0.0280631622572085 0.09213518185890268 0.04275615360225601 106.3111431274711 49.63370835408369 17.779668421698396
R4 whole 2H 0.0 0.0 0.0 0.0 0.0 0.0 35.08603375813366 2.4002290003770708 0.44797766382109877 0.015799897771327547 1.0558824802990148 0.029848893122649257 0.0258170378460518 0.012349932381038457 1.1321410348168623 110706.77616503416 21914.273039845866 0.025956987082728634 34.173149593852905 2.718009118610328e+47 0.0005436018237220656 0.024899221010525815 3.8409088878168838 3.0102654652223717 3.088494435051105e+46 0.0008221788664330112 0.00020343969914850062 14.403690960705385 36.561979224184476 0.0007541461953472343 0.024693522586966526 0.0034873163607506675 0.018964933942536715 0.28344891896073104 0.03317017015903841 0.025487736308071256 0.030242740176680282 0.45949378873223173 0.10161304329377431 106.3111431274711 49.63370835408369 17.779668421698396
R4 cool 500 0.0 0.0 0.0 0.0 0.0 0.0 35.08603375813366 2.4002290003770708 0.44797766382109877 0.015799897771327547 1.0558824802990148 0.029848893122649257 0.0258170378460518 0.012349932381038457 1.1321410348168623 110706.77616503416 21914.273039845866 0.025956987082728634 34.173149593852905 2.718009118610328e+47 0.0005436018237220656 0.03610151007201889 2.4824175673328366 2.444541552226089 2.753377840208811e+45 0.0010327681539188992 0.00014884930008318386 4.949280084376937 5.396560270906693 0.0007136099418686206 0.015611465746076445 0.0023969897609063626 0.014793292268407195 0.354333216472384 0.0179984767755721 0.017671838828482014 0.0024911212397897954 0.49840203107314185 0.06723548848993575 106.3111431274711 49.63370835408369 17.779668421698396
R4 int 500 0.0 0.0 0.0 0.0 0.0 0.0 35.08603375813366 2.4002290003770708 0.44797766382109877 0.015799897771327547 1.0558824802990148 0.029848893122649257 0.0258170378460518 0.012349932381038457 1.1321410348168623 110706.77616503416 21914.273039845866 0.025956987082728634 34.173149593852905 2.718009118610328e+47 0.0005436018237220656 0.0027384892822766354 0.40967386554730656 0.37582243382390806 9.872263297048948e+44 8.430041276416743e-05 1.8722988319487333e-05 6.593609688089989 6.240277709775945 0.0006270322544176612 0.016996994541407177 0.0021937835338247656 0.01410315227851018 0.03196521426625114 0.0034492754061338084 0.003094665490047066 0.0010043022181245107 0.04931879738727952 0.009534483251642127 106.3111431274711 49.63370835408369 17.779668421698396
R4 hot 500 0.0 0.0 0.0 0.0 0.0 0.0 35.08603375813366 2.4002290003770708 0.44797766382109877 0.015799897771327547 1.0558824802990148 0.029848893122649257 0.0258170378460518 0.012349932381038457 1.1321410348168623 110706.77616503416 21914.273039845866 0.025956987082728634 34.173149593852905 2.718009118610328e+47 0.0005436018237220656 0.004784021696610148 4.594725289639607 2.9304323855222827 7.555794723844765e+46 0.000277235171343785 0.000186361492556252 30.15744615308489 59.847529357546186 0.0016491967219213353 0.08557652935912881 0.011519424238133723 0.03461784787748632 0.057203983112936924 0.035627539158753586 0.022516066447395847 0.06728358012475606 0.14447252454138745 0.08518998669383612 106.3111431274711 49.63370835408369 17.779668421698396
R4 whole 500 0.0 0.0 0.0 0.0 0.0 0.0 35.08603375813366 2.4002290003770708 0.44797766382109877 0.015799897771327547 1.0558824802990148 0.029848893122649257 0.0258170378460518 0.012349932381038457 1.1321410348168623 110706.77616503416 21914.273039845866 0.025956987082728634 34.173149593852905 2.718009118610328e+47 0.0005436018237220656 0.042463855829273575 7.0680616705990325 5.404001037281199 7.856068850672591e+46 0.001343121688218048 0.00033846709703141357 11.0697612313676 30.094651139641346 0.0007152779574660843 0.022045184025333717 0.0030341195217480385 0.01727424433497064 0.4337298962445862 0.05481298503113637 0.04139427420787704 0.07023884266808997 0.6746463201664498 0.15653902422931498 106.3111431274711 49.63370835408369 17.779668421698396
R4 cool 1000 0.0 0.0 0.0 0.0 0.0 0.0 35.08603375813366 2.4002290003770708 0.44797766382109877 0.015799897771327547 1.0558824802990148 0.029848893122649257 0.0258170378460518 0.012349932381038457 1.1321410348168623 110706.77616503416 21914.273039845866 0.025956987082728634 34.173149593852905 2.718009118610328e+47 0.0005436018237220656 0.02119488847965329 1.620406740003701 1.5967179429855707 1.9572812904140398e+45 0.0006586318294117293 0.00013023648040491555 8.529481894889559 8.16161978927757 0.0007649412529406545 0.015632141936764845 0.0023113966002539653 0.013297463037797224 0.20151063723146753 0.01171947908982538 0.011538665675938878 0.0017774551605567864 0.3036871515773594 0.05811608531423566 106.3111431274711 49.63370835408369 17.779668421698396
R4 int 1000 0.0 0.0 0.0 0.0 0.0 0.0 35.08603375813366 2.4002290003770708 0.44797766382109877 0.015799897771327547 1.0558824802990148 0.029848893122649257 0.0258170378460518 0.012349932381038457 1.1321410348168623 110706.77616503416 21914.273039845866 0.025956987082728634 34.173149593852905 2.718009118610328e+47 0.0005436018237220656 0.0023486053265454956 0.3664852354575969 0.3384893626336372 8.538423462668994e+44 7.746857430500455e-05 1.964804399298427e-05 9.239936112993098 7.670938595371499 0.0006800664603399302 0.018464797050381246 0.002332762108264289 0.014054335643917476 0.023939131355356802 0.0027998548285453036 0.0025690685604772253 0.0008084173288988674 0.03857032363577072 0.009173903949833447 106.3111431274711 49.63370835408369 17.779668421698396
R4 hot 1000 0.0 0.0 0.0 0.0 0.0 0.0 35.08603375813366 2.4002290003770708 0.44797766382109877 0.015799897771327547 1.0558824802990148 0.029848893122649257 0.0258170378460518 0.012349932381038457 1.1321410348168623 110706.77616503416 21914.273039845866 0.025956987082728634 34.173149593852905 2.718009118610328e+47 0.0005436018237220656 0.00352929709317521 2.320740427278359 1.5027762118260874 2.710058682814217e+46 0.0001638506442288632 8.345821022518512e-05 29.211670648850962 49.1787117525676 0.001056138677006928 0.05569256687830988 0.007399868290705219 0.028287115963978943 0.038214646093388614 0.017741405066885978 0.011464478720239268 0.02439307216570149 0.0828670773360389 0.03852966056450634 106.3111431274711 49.63370835408369 17.779668421698396
R4 whole 1000 0.0 0.0 0.0 0.0 0.0 0.0 35.08603375813366 2.4002290003770708 0.44797766382109877 0.015799897771327547 1.0558824802990148 0.029848893122649257 0.0258170378460518 0.012349932381038457 1.1321410348168623 110706.77616503416 21914.273039845866 0.025956987082728634 34.173149593852905 2.718009118610328e+47 0.0005436018237220656 0.025643805125985762 4.012119534894159 3.189647200246416 2.941981099276679e+46 0.000840806031461284 0.0002151060961788857 19.438128748434163 39.33690172873987 0.000816514991279823 0.020106337084754553 0.002842013937674351 0.014937011707907814 0.25297857036613136 0.03067887131815235 0.02423547132210354 0.02663411896884839 0.404927411415499 0.09950942776234475 106.3111431274711 49.63370835408369 17.779668421698396
R8 cool H 0.0 0.0 0.0 0.0 0.0 0.0 15.650468785385387 0.6057192180716527 0.07089755603810909 0.002500513369538071 0.11549985285202666 0.0012358704919799535 0.00038234695063900067 0.0001473152926120944 0.10362233051492747 1598.1643041040072 363.6502867927863 0.000661411422878011 0.8707679140516555 6.925774061549854e+45 1.3851548123099707e-05 0.0086599823415829 0.19876116140152372 0.16737280413386976 1.13318074806141e+44 0.0001875041059962146 4.8302292188375875e-06 2.213999336437784 2.913610765077292 0.00020991190739366866 0.00311469342832802 0.00038751862856419944 0.003236299555687884 1.8699148953667972 0.03293200295376624 0.02748046429134679 0.0023514596246273158 1.9397895500732016 0.05130597389720343 480.3353064387594 156.682970813926 57.104284665790566
R8 int H 0.0 0.0 0.0 0.0 0.0 0.0 15.650468785385387 0.6057192180716527 0.07089755603810909 0.002500513369538071 0.11549985285202666 0.0012358704919799535 0.00038234695063900067 0.0001473152926120944 0.10362233051492747 1598.1643041040072 363.6502867927863 0.000661411422878011 0.8707679140516555 6.925774061549854e+45 1.3851548123099707e-05 0.00022275492465730567 0.022098956864761782 0.01815897886166222 4.756541509033993e+43 5.220577452608999e-06 5.210969723480163e-07 5.6750022314136634 6.929357799146214 0.00025540779748270436 0.0077409345362861115 0.0009466471011492717 0.0070076631816147015 0.05340910709245286 0.004013572447616036 0.003177562653332461 0.0010430969516744613 0.059950396011660745 0.00595402316013251 480.3353064387594 156.682970813926 57.104284665790566
R8 hot H 0.0 0.0 0.0 0.0 0.0 0.0 15.650468785385387 0.6057192180716527 0.07089755603810909 0.002500513369538071 0.11549985285202666 0.0012358704919799535 0.00038234695063900067 0.0001473152926120944 0.10362233051492747 1598.1643041040072 363.6502867927863 0.000661411422878011 0.8707679140516555 6.925774061549854e+45 1.3851548123099707e-05 0.000251679466239879 0.14750804604409487 0.06797097640238178 1.4493516330472933e+45 8.160865676113997e-06 3.3203332524734488e-06 18.235404936680155 45.245207216247664 0.0012498831984116276 0.052118804124737954 0.0065990471792542055 0.0227389856321618 0.058899203236388614 0.025281486069293504 0.011911107310564257 0.029990492237305117 0.09052015787021332 0.03551570818694582 480.3353064387594 156.682970813926 57.104284665790566
R8 whole H 0.0 0.0 0.0 0.0 0.0 0.0 15.650468785385387 0.6057192180716527 0.07089755603810909 0.002500513369538071 0.11549985285202666 0.0012358704919799535 0.00038234695063900067 0.0001473152926120944 0.10362233051492747 1598.1643041040072 363.6502867927863 0.000661411422878011 0.8707679140516555 6.925774061549854e+45 1.3851548123099707e-05 0.008986502620288354 0.31337187295727653 0.22403922520342934 1.5071313409794752e+45 0.00019634771607763123 7.367205404251e-06 4.978279485487141 19.2980399835768 0.00031645734990993287 0.008819752169250865 0.0011056271293715546 0.00839436563057702 1.9550835047004582 0.055184495005237824 0.03871517171014966 0.031671698078339416 2.05116693458398 0.08241841155953886 480.3353064387594 156.682970813926 57.104284665790566
R8 cool 2H 0.0 0.0 0.0 0.0 0.0 0.0 15.650468785385387 0.6057192180716527 0.07089755603810909 0.002500513369538071 0.11549985285202666 0.0012358704919799535 0.00038234695063900067 0.0001473152926120944 0.10362233051492747 1598.1643041040072 363.6502867927863 0.000661411422878011 0.8707679140516555 6.925774061549854e+45 1.3851548123099707e-05 0.002874388534734258 0.09522593940574284 0.08955511243782154 6.574231704215481e+43 6.434214715741603e-05 3.1975892059385525e-06 3.06983504942759 3.454559142167261 0.0002385504277298743 0.0039954733286602685 0.00051313433540128 0.004020744143700644 0.6182849678173643 0.01547914195584703 0.014434218651256181 0.001339247736884404 0.6619866198607892 0.03338257631538955 480.3353064387594 156.682970813926 57.104284665790566
R8 int 2H 0.0 0.0 0.0 0.0 0.0 0.0 15.650468785385387 0.6057192180716527 0.07089755603810909 0.002500513369538071 0.11549985285202666 0.0012358704919799535 0.00038234695063900067 0.0001473152926120944 0.10362233051492747 1598.1643041040072 363.6502867927863 0.000661411422878011 0.8707679140516555 6.925774061549854e+45 1.3851548123099707e-05 0.00017355188838742445 0.016823795302 0.01296176810701069 3.182011748836616e+43 4.110576367572223e-06 4.3003098188693196e-07 4.4572779329728105 4.925954017400657 0.0002305186532385592 0.004998070618217362 0.0006189572306672129 0.004571928173671221 0.04165883791208161 0.003106425850351406 0.0023149502455872715 0.0007259589229312044 0.04718268140965802 0.004904418783519812 480.3353064387594 156.682970813926 57.104284665790566
R8 hot 2H 0.0 0.0 0.0 0.0 0.0 0.0 15.650468785385387 0.6057192180716527 0.07089755603810909 0.002500513369538071 0.11549985285202666 0.0012358704919799535 0.00038234695063900067 0.0001473152926120944 0.10362233051492747 1598.1643041040072 363.6502867927863 0.000661411422878011 0.8707679140516555 6.925774061549854e+45 1.3851548123099707e-05 0.00014605849633186744 0.08230512364924944 0.0423110016260149 8.097445916735562e+44 4.772837344616287e-06 1.941534147692912e-06 18.694454106985983 38.372652400829914 0.0008367413101469939 0.034022661652944035 0.004284584598471329 0.018976505466608604 0.034695597856887486 0.013957659735996782 0.007128484948979218 0.016208870583145202 0.05283215517241749 0.0202088140727501 480.3353064387594 156.682970813926 57.104284665790566
R8 whole 2H 0.0 0.0 0.0 0.0 0.0 0.0 15.650468785385387 0.6057192180716527 0.07089755603810909 0.002500513369538071 0.11549985285202666 0.0012358704919799535 0.00038234695063900067 0.0001473152926120944 0.10362233051492747 1598.1643041040072 363.6502867927863 0.000661411422878011 0.8707679140516555 6.925774061549854e+45 1.3851548123099707e-05 0.003102516091406066 0.16814560176705454 0.12391011571329513 8.52530091632198e+44 7.060404063123704e-05 4.939484501871452e-06 6.097905301512841 18.656071028723773 0.0003434128928789661 0.00981693316669962 0.0012415106905154603 0.008952375777492543 0.6776303914621913 0.029101312993511617 0.021096782591718957 0.017317045510064213 0.739190697342086 0.05333124434363657 480.3353064387594 156.682970813926 57.104284665790566
R8 cool 500 0.0 0.0 0.0 0.0 0.0 0.0 15.650468785385387 0.6057192180716527 0.07089755603810909 0.002500513369538071 0.11549985285202666 0.0012358704919799535 0.00038234695063900067 0.0001473152926120944 0.10362233051492747 1598.1643041040072 363.6502867927863 0.000661411422878011 0.8707679140516555 6.925774061549854e+45 1.3851548123099707e-05 0.004281301199733209 0.11865408036928735 0.10863189534606289 7.467522036559395e+43 9.560365206043142e-05 3.8098239688016778e-06 2.73711882933286 3.610462214960856 0.00019946201227126232 0.003590139194613353 0.0004378519188152986 0.003673401611080193 0.9392432348163924 0.019862007035526676 0.01795288789282172 0.001571069509452306 1.0023810611907744 0.04040075551687546 480.3353064387594 156.682970813926 57.104284665790566
R8 int 500 0.0 0.0 0.0 0.0 0.0 0.0 15.650468785385387 0.6057192180716527 0.07089755603810909 0.002500513369538071 0.11549985285202666 0.0012358704919799535 0.00038234695063900067 0.0001473152926120944 0.10362233051492747 1598.1643041040072 363.6502867927863 0.000661411422878011 0.8707679140516555 6.925774061549854e+45 1.3851548123099707e-05 0.00018387183469717802 0.0186491156319638 0.015204223721304701 4.108645503087552e+43 4.345851470503522e-06 4.6310885261679344e-07 6.061393391425537 7.324322095291522 0.000252082757429289 0.007484428977586465 0.0009155045242983313 0.0067756398633974785 0.04473828628347861 0.003437376560458619 0.0026822203553185063 0.0009033858309845638 0.05053309848409801 0.005259844242538514 480.3353064387594 156.682970813926 57.104284665790566
