data/twind/tables/table-mean-err.ecsv
# %ECSV 0.9
# ---
# datatype:
# - {name: model, datatype: string}
# - {name: phase, datatype: string}
# - {name: z, datatype: string}
# - {name: Sigma_gas0, unit: solMass / pc2, datatype: float64}
# - {name: Sigma_star, unit: solMass / pc2, datatype: float64}
# - {name: rho_dm, unit: solMass / pc3, datatype: float64}
# - {name: Omega_0, unit: km / (kpc s), datatype: float64}
# - {name: z_star, unit: pc, datatype: float64}
# - {name: R_0, unit: kpc, datatype: float64}
# - {name: H, unit: pc, datatype: float64}
# - {name: sigma_eff, unit: km / s, datatype: float64}
# - {name: ngas, unit: 1 / cm3, datatype: float64}
# - {name: rho_tot, unit: solMass / pc3, datatype: float64}
# - {name: surf, unit: solMass / pc2, datatype: float64}
# - {name: sfr10, unit: solMass / (kpc2 yr), datatype: float64}
# - {name: sfr40, unit: solMass / (kpc2 yr), datatype: float64}
# - {name: sfr100, unit: solMass / (kpc2 yr), datatype: float64}
# - {name: nmid_2p, unit: 1 / cm3, datatype: float64}
# - {name: Pmid_2p, unit: K / cm3, datatype: float64}
# - {name: W_2p, unit: K / cm3, datatype: float64}
# - {name: mass_norm, unit: solMass / (kpc2 yr), datatype: float64}
# - {name: mom_norm, unit: km solMass / (kpc2 s yr), datatype: float64}
# - {name: energy_norm, unit: erg / (kpc2 yr), datatype: float64}
# - {name: metal_norm, unit: solMass / (kpc2 yr), datatype: float64}
# - {name: mass, unit: solMass / (kpc2 yr), datatype: float64}
# - {name: mom, unit: km solMass / (kpc2 s yr), datatype: float64}
# - {name: mom_kin, unit: km solMass / (kpc2 s yr), datatype: float64}
# - {name: energy, unit: erg / (kpc2 yr), datatype: float64}
# - {name: metal, unit: solMass / (kpc2 yr), datatype: float64}
# - {name: metal_sn, unit: solMass / (kpc2 yr), datatype: float64}
# - {name: vout_flux, unit: km / s, datatype: float64}
# - {name: vB, unit: km / s, datatype: float64}
# - {name: Z, datatype: float64}
# - {name: enrichment, datatype: float64}
# - {name: fmass_sn, datatype: float64}
# - {name: fmetal_sn, datatype: float64}
# - {name: mass_loading, datatype: float64}
# - {name: mom_loading, datatype: float64}
# - {name: mom_kin_loading, datatype: float64}
# - {name: energy_loading, datatype: float64}
# - {name: metal_loading, datatype: float64}
# - {name: metal_sn_loading, datatype: float64}
# - {name: tdep10, unit: Myr, datatype: float64}
# - {name: tdep40, unit: Myr, datatype: float64}
# - {name: tdep100, unit: Myr, datatype: float64}
# meta: !!omap
# - __serialized_columns__:
#     H:
#       __class__: astropy.units.quantity.Quantity
#       unit: &id005 !astropy.units.Unit {unit: pc}
#       value: !astropy.table.SerializedColumn {name: H}
#     Omega_0:
#       __class__: astropy.units.quantity.Quantity
#       unit: !astropy.units.Unit {unit: km / (kpc s)}
#       value: !astropy.table.SerializedColumn {name: Omega_0}
#     Pmid_2p:
#       __class__: astropy.units.quantity.Quantity
#       unit: !astropy.units.Unit {unit: K / cm3}
#       value: !astropy.table.SerializedColumn {name: Pmid_2p}
#     R_0:
#       __class__: astropy.units.quantity.Quantity
#       unit: !astropy.units.Unit {unit: kpc}
#       value: !astropy.table.SerializedColumn {name: R_0}
#     Sigma_gas0:
#       __class__: astropy.units.quantity.Quantity
#       unit: !astropy.units.Unit {unit: solMass / pc2}
[...]
#       unit: !astropy.units.Unit {unit: km / s}
#       value: !astropy.table.SerializedColumn {name: sigma_eff}
#     surf:
#       __class__: astropy.units.quantity.Quantity
#       unit: !astropy.units.Unit {unit: solMass / pc2}
#       value: !astropy.table.SerializedColumn {name: surf}
#     tdep10:
#       __class__: astropy.units.quantity.Quantity
#       unit: &id004 !astropy.units.Unit {unit: Myr}
#       value: !astropy.table.SerializedColumn {name: tdep10}
#     tdep100:
#       __class__: astropy.units.quantity.Quantity
#       unit: *id004
#       value: !astropy.table.SerializedColumn {name: tdep100}
#     tdep40:
#       __class__: astropy.units.quantity.Quantity
#       unit: *id004
#       value: !astropy.table.SerializedColumn {name: tdep40}
#     vB:
#       __class__: astropy.units.quantity.Quantity
#       unit: !astropy.units.Unit {unit: km / s}
#       value: !astropy.table.SerializedColumn {name: vB}
#     vout_flux:
#       __class__: astropy.units.quantity.Quantity
#       unit: !astropy.units.Unit {unit: km / s}
#       value: !astropy.table.SerializedColumn {name: vout_flux}
#     z_star:
#       __class__: astropy.units.quantity.Quantity
#       unit: *id005
#       value: !astropy.table.SerializedColumn {name: z_star}
# schema: astropy-2.0
model phase z Sigma_gas0 Sigma_star rho_dm Omega_0 z_star R_0 H sigma_eff ngas rho_tot surf sfr10 sfr40 sfr100 nmid_2p Pmid_2p W_2p mass_norm mom_norm energy_norm metal_norm mass mom mom_kin energy metal metal_sn vout_flux vB Z enrichment fmass_sn fmetal_sn mass_loading mom_loading mom_kin_loading energy_loading metal_loading metal_sn_loading tdep10 tdep40 tdep100
[from data line 63]
R16 whole 1000 0.0 0.0 0.0 0.0 0.0 0.0 89.69290160042513 0.6431714683277714 0.012145145227328935 0.0004283518320376716 0.004974044902341439 3.3449161369162523e-05 2.2904137129640765e-05 1.441697756580929e-05 0.010848225158516253 120.12748471601527 43.09515558761268 2.790989060951501e-05 0.03674420547759372 2.922501634504189e+44 5.845003269008378e-07 0.0010550656452659496 0.022529613735922605 0.014335849037251401 3.7682634410390925e+43 2.1509720705852545e-05 8.509789366161714e-08 3.612712384165698 11.49589620408272 0.0003383152827155661 0.016911613692790203 0.00163750391075652 0.01449964027272963 15.95513526904562 0.24550759847199483 0.15181301185743637 0.0414625429551813 15.4887675958728 0.044229803407932915 14514.384000393104 8861.325607582989 7547.4809873051545
LGR2 cool H 0.0 0.0 0.0 0.0 0.0 0.0 38.8278357520579 3.159247155339105 0.9743096966970782 0.034363306139242294 5.5618040007204295 0.12652316091099816 0.0689709679973587 0.036832571995728425 2.481319700829169 95489.8459052355 53385.587136171795 0.0757949613082866 99.78633278944064 7.93664516317137e+47 0.0015873290326342744 0.13693782560334086 7.835559473031829 7.689952950448662 9.268099936008882e+45 0.0045450745244708405 0.00040985930834682203 3.892670903803248 4.520279409800935 0.001391424583373778 0.014142492259977891 0.002748415576988745 0.014187384149655565 0.3452284620523592 0.014328958801894155 0.013975585357555883 0.0020849381760868328 0.5483224714319905 0.047833901915061844 56.08679144761033 24.46954365097435 13.440001655199818
LGR2 int H 0.0 0.0 0.0 0.0 0.0 0.0 38.8278357520579 3.159247155339105 0.9743096966970782 0.034363306139242294 5.5618040007204295 0.12652316091099816 0.0689709679973587 0.036832571995728425 2.481319700829169 95489.8459052355 53385.587136171795 0.0757949613082866 99.78633278944064 7.93664516317137e+47 0.0015873290326342744 0.004970941799610137 0.7840689143995201 0.7289337654191264 2.1770544503338792e+45 0.00019552440054412682 4.194153236949224e-05 7.113019595917634 6.445216150684455 0.0012318377002913821 0.017004168249812605 0.0025490079684275927 0.0137003790021738 0.013665921190275696 0.0015665524915272964 0.001427319666793613 0.0005266367690934925 0.025320285199961327 0.005286772189125671 56.08679144761033 24.46954365097435 13.440001655199818
LGR2 hot H 0.0 0.0 0.0 0.0 0.0 0.0 38.8278357520579 3.159247155339105 0.9743096966970782 0.034363306139242294 5.5618040007204295 0.12652316091099816 0.0689709679973587 0.036832571995728425 2.481319700829169 95489.8459052355 53385.587136171795 0.0757949613082866 99.78633278944064 7.93664516317137e+47 0.0015873290326342744 0.008234741188006312 9.281616525109767 6.010056655192398 1.847256373748671e+47 0.0006284848325911252 0.00044219077516963147 46.760259054928866 75.29097611917733 0.0027982599646623704 0.09179717088677704 0.016347486391084323 0.03490449140889787 0.025515738578904084 0.019422693139084034 0.011672485205606478 0.043428692145046806 0.08276707796535708 0.053484088800006976 56.08679144761033 24.46954365097435 13.440001655199818
LGR2 whole H 0.0 0.0 0.0 0.0 0.0 0.0 38.8278357520579 3.159247155339105 0.9743096966970782 0.034363306139242294 5.5618040007204295 0.12652316091099816 0.0689709679973587 0.036832571995728425 2.481319700829169 95489.8459052355 53385.587136171795 0.0757949613082866 99.78633278944064 7.93664516317137e+47 0.0015873290326342744 0.14717312002389604 16.6686306714123 13.419043882381917 1.931308663675531e+47 0.005195582442398548 0.0008343299981125605 12.218736695448966 36.199526900145905 0.0015755280003015711 0.021679190483666066 0.004460488800233381 0.01926023365219621 0.3784152884023395 0.03354472774172089 0.025647037610295506 0.045502545701814175 0.6413266538303718 0.10139756643351927 56.08679144761033 24.46954365097435 13.440001655199818
LGR2 cool 2H 0.0 0.0 0.0 0.0 0.0 0.0 38.8278357520579 3.159247155339105 0.9743096966970782 0.034363306139242294 5.5618040007204295 0.12652316091099816 0.0689709679973587 0.036832571995728425 2.481319700829169 95489.8459052355 53385.587136171795 0.0757949613082866 99.78633278944064 7.93664516317137e+47 0.0015873290326342744 0.08592311292057608 7.127093075816246 7.072932672603823 9.282461183214374e+45 0.0032226878477368856 0.00043689455297051785 8.15702116607354 8.848854515141486 0.0014225137872024463 0.011716638622292583 0.002157070718956598 0.010541412173494294 0.20373184921135057 0.012522654244592158 0.012403003103398199 0.00204173945381808 0.3615890987132063 0.048733624246589106 56.08679144761033 24.46954365097435 13.440001655199818
LGR2 int 2H 0.0 0.0 0.0 0.0 0.0 0.0 38.8278357520579 3.159247155339105 0.9743096966970782 0.034363306139242294 5.5618040007204295 0.12652316091099816 0.0689709679973587 0.036832571995728425 2.481319700829169 95489.8459052355 53385.587136171795 0.0757949613082866 99.78633278944064 7.93664516317137e+47 0.0015873290326342744 0.003809017935366771 0.7177105598210008 0.6841392878890012 2.0543198689488793e+45 0.0001593038284514612 3.7678642076972476e-05 10.546761128854751 9.334714203667478 0.0012905464913943157 0.018142799746972943 0.002789673181357686 0.013568419907927126 0.009789466480529798 0.0013473242125991924 0.001270785859259914 0.00047327323469647343 0.019220163130362188 0.004474845891124705 56.08679144761033 24.46954365097435 13.440001655199818
LGR2 hot 2H 0.0 0.0 0.0 0.0 0.0 0.0 38.8278357520579 3.159247155339105 0.9743096966970782 0.034363306139242294 5.5618040007204295 0.12652316091099816 0.0689709679973587 0.036832571995728425 2.481319700829169 95489.8459052355 53385.587136171795 0.0757949613082866 99.78633278944064 7.93664516317137e+47 0.0015873290326342744 0.006435129674531384 5.228425629247832 3.3629942318122934 7.583874517302779e+46 0.0003906926840869717 0.0002169237802012836 42.51544522166618 64.4790290675226 0.002032221741738538 0.06753724378552822 0.011251247219797431 0.03051456232728582 0.017019510001561912 0.010028763936675135 0.006333194627457512 0.017321377276104975 0.04754239056943604 0.025371533490540898 56.08679144761033 24.46954365097435 13.440001655199818
LGR2 whole 2H 0.0 0.0 0.0 0.0 0.0 0.0 38.8278357520579 3.159247155339105 0.9743096966970782 0.034363306139242294 5.5618040007204295 0.12652316091099816 0.0689709679973587 0.036832571995728425 2.481319700829169 95489.8459052355 53385.587136171795 0.0757949613082866 99.78633278944064 7.93664516317137e+47 0.0015873290326342744 0.09260921476577572 12.0098987219147 10.192642702109403 8.451883535359526e+46 0.0036244504608866795 0.0006498983299938789 18.83517386252092 44.23879235534875 0.001563434546328004 0.022553631941895334 0.003940624665368595 0.017700154260222714 0.22356793440838152 0.02232290777872404 0.018635349673017387 0.01935291399801242 0.4144571386082814 0.07476105465068918 56.08679144761033 24.46954365097435 13.440001655199818
LGR2 cool 500 0.0 0.0 0.0 0.0 0.0 0.0 38.8278357520579 3.159247155339105 0.9743096966970782 0.034363306139242294 5.5618040007204295 0.12652316091099816 0.0689709679973587 0.036832571995728425 2.481319700829169 95489.8459052355 53385.587136171795 0.0757949613082866 99.78633278944064 7.93664516317137e+47 0.0015873290326342744 0.1169309024011278 7.646715865144713 7.544889217218494 9.02773210439727e+45 0.004199383706168754 0.0003891387274204692 6.222678241785201 6.670960618496459 0.0014298351621407136 0.013469343290620309 0.002646146639383732 0.01318064238675939 0.2795566589644431 0.013603207310418149 0.013385147496671147 0.0020088019004677405 0.47648068083030254 0.04456778927153802 56.08679144761033 24.46954365097435 13.440001655199818
LGR2 int 500 0.0 0.0 0.0 0.0 0.0 0.0 38.8278357520579 3.159247155339105 0.9743096966970782 0.034363306139242294 5.5618040007204295 0.12652316091099816 0.0689709679973587 0.036832571995728425 2.481319700829169 95489.8459052355 53385.587136171795 0.0757949613082866 99.78633278944064 7.93664516317137e+47 0.0015873290326342744 0.004523474090675687 0.7428190285319325 0.6905549818456946 2.031516311524177e+45 0.00018541980913523297 3.810203020833753e-05 8.834075476326777 7.879156955512339 0.0012306292136017652 0.0169992225462116 0.00232440023697532 0.012910269947330976 0.011941740303251831 0.0014453107608573437 0.0013274571353415875 0.0004838429288281955 0.022951692191139527 0.004708248917058123 56.08679144761033 24.46954365097435 13.440001655199818
LGR2 hot 500 0.0 0.0 0.0 0.0 0.0 0.0 38.8278357520579 3.159247155339105 0.9743096966970782 0.034363306139242294 5.5618040007204295 0.12652316091099816 0.0689709679973587 0.036832571995728425 2.481319700829169 95489.8459052355 53385.587136171795 0.0757949613082866 99.78633278944064 7.93664516317137e+47 0.0015873290326342744 0.00832904806947876 8.974951610620034 5.555327561867664 1.6448309259243496e+47 0.000611109436158104 0.0003957967308669342 48.53651284770087 84.69516719683607 0.003032659512427964 0.08416672916037621 0.016502468586179427 0.03594934806119263 0.022602211614732123 0.01695631754151495 0.010326647140631376 0.03679811444126916 0.07355733866592913 0.04539306053978952 56.08679144761033 24.46954365097435 13.440001655199818
LGR2 whole 500 0.0 0.0 0.0 0.0 0.0 0.0 38.8278357520579 3.159247155339105 0.9743096966970782 0.034363306139242294 5.5618040007204295 0.12652316091099816 0.0689709679973587 0.036832571995728425 2.481319700829169 95489.8459052355 53385.587136171795 0.0757949613082866 99.78633278944064 7.93664516317137e+47 0.0015873290326342744 0.1262466008094244 15.908343078585347 12.447272738696618 1.719265654141809e+47 0.004828288682079982 0.0007604534378440132 16.045740503865012 41.44602198676678 0.00160420835159662 0.023548706871821243 0.004379106283907826 0.01940780684456858 0.307027880275449 0.029919543895131455 0.02310742214814405 0.03862596073192951 0.5575171239152278 0.0891041433916489 56.08679144761033 24.46954365097435 13.440001655199818
LGR2 cool 1000 0.0 0.0 0.0 0.0 0.0 0.0 38.8278357520579 3.159247155339105 0.9743096966970782 0.034363306139242294 5.5618040007204295 0.12652316091099816 0.0689709679973587 0.036832571995728425 2.481319700829169 95489.8459052355 53385.587136171795 0.0757949613082866 99.78633278944064 7.93664516317137e+47 0.0015873290326342744 0.069977856060221 5.914327190278791 5.860803560624818 8.189551300526161e+45 0.0026883564194102303 0.0003606498199127011 13.067522432069692 12.46905646185296 0.001459362287459616 0.01591285057154544 0.002835053318572836 0.013669274636999207 0.1591247606810665 0.01019941898221807 0.010099562074420384 0.0017779091262444026 0.2908724437587646 0.03927951129670468 56.08679144761033 24.46954365097435 13.440001655199818
LGR2 int 1000 0.0 0.0 0.0 0.0 0.0 0.0 38.8278357520579 3.159247155339105 0.9743096966970782 0.034363306139242294 5.5618040007204295 0.12652316091099816 0.0689709679973587 0.036832571995728425 2.481319700829169 95489.8459052355 53385.587136171795 0.0757949613082866 99.78633278944064 7.93664516317137e+47 0.0015873290326342744 0.0037259915638457658 0.7063388893553386 0.6725718579263533 2.0215332969892307e+45 0.00015652677334301561 3.605691805764546e-05 15.602715014510158 13.064208709538013 0.0014019198238740874 0.01912932174241896 0.0034158667060018005 0.014382015782747707 0.00907258577108898 0.0012821314997330231 0.0012138857184659671 0.00045334263439613325 0.01803924825745246 0.004144383886387136 56.08679144761033 24.46954365097435 13.440001655199818
LGR2 hot 1000 0.0 0.0 0.0 0.0 0.0 0.0 38.8278357520579 3.159247155339105 0.9743096966970782 0.034363306139242294 5.5618040007204295 0.12652316091099816 0.0689709679973587 0.036832571995728425 2.481319700829169 95489.8459052355 53385.587136171795 0.0757949613082866 99.78633278944064 7.93664516317137e+47 0.0015873290326342744 0.006468137769822608 4.894449052770055 3.1603834003800477 6.665393607551585e+46 0.0003770006820369314 0.0001987136145001601 47.13917378015368 71.57212977189339 0.0023543242930716903 0.06327543208651518 0.011710959401628283 0.031339727330676616 0.016203316447351606 0.00899604220913687 0.005773899966538026 0.014781595418666563 0.043996235041700804 0.02250653301682167 56.08679144761033 24.46954365097435 13.440001655199818
LGR2 whole 1000 0.0 0.0 0.0 0.0 0.0 0.0 38.8278357520579 3.159247155339105 0.9743096966970782 0.034363306139242294 5.5618040007204295 0.12652316091099816 0.0689709679973587 0.036832571995728425 2.481319700829169 95489.8459052355 53385.587136171795 0.0757949613082866 99.78633278944064 7.93664516317137e+47 0.0015873290326342744 0.07795785159861565 10.837564666508447 9.15053662894965 7.500765924424597e+46 0.003132533339950849 0.000562478300235536 22.446753232568152 45.499227180394385 0.0015310363447082424 0.023696536122260387 0.0041449171094508 0.017882725524861136 0.17973185630937752 0.019445495100492025 0.01625788471612996 0.01666698850355252 0.3439382253752909 0.0627748607043678 56.08679144761033 24.46954365097435 13.440001655199818
LGR4 cool H 0.0 0.0 0.0 0.0 0.0 0.0 64.45432370818737 2.19382495899932 0.5288716286925851 0.018652978356607047 1.8765355080802335 0.02946888878075635 0.012916072926371959 0.007176468973943255 0.7900719442516928 43609.272321875564 12760.386406873007 0.01591278294687291 20.94965453289564 1.6662599944369542e+47 0.00033325199888739084 0.16977851107043204 5.237131966588222 4.984978762232 3.0400596635042244e+45 0.0040359218995667644 8.585028576253308e-05 3.4990566461342443 3.929451998930797 0.00076306045918623 0.010721712240922568 0.001434336151188976 0.009917258276925144 2.1006418990121065 0.04917931944097446 0.04658420493826944 0.003611763191978972 2.4272813533335857 0.04988795874037354 130.50964357433298 64.15660747283108 40.747610030478455
LGR4 int H 0.0 0.0 0.0 0.0 0.0 0.0 64.45432370818737 2.19382495899932 0.5288716286925851 0.018652978356607047 1.8765355080802335 0.02946888878075635 0.012916072926371959 0.007176468973943255 0.7900719442516928 43609.272321875564 12760.386406873007 0.01591278294687291 20.94965453289564 1.6662599944369542e+47 0.00033325199888739084 0.002544674044183151 0.31788149985793734 0.28200754804202754 6.774636059447435e+44 7.295336293242007e-05 1.0704973367930495e-05 6.437501906351222 7.176937641271998 0.0006626187077641286 0.00891780602982787 0.0011908887082803733 0.007920365442632067 0.034894509171792945 0.0032608520739226413 0.0028451162142773294 0.0008654314077793206 0.048515307915081254 0.0067371773532274104 130.50964357433298 64.15660747283108 40.747610030478455
LGR4 hot H 0.0 0.0 0.0 0.0 0.0 0.0 64.45432370818737 2.19382495899932 0.5288716286925851 0.018652978356607047 1.8765355080802335 0.02946888878075635 0.012916072926371959 0.007176468973943255 0.7900719442516928 43609.272321875564 12760.386406873007 0.01591278294687291 20.94965453289564 1.6662599944369542e+47 0.00033325199888739084 0.0033265638002856236 2.5958322339113313 1.4160835306224406 3.311236992296687e+46 0.00015685520281767988 8.390001515595705e-05 26.19445177421122 47.623028918113455 0.00141802453273202 0.059170319603516354 0.007966718782512183 0.026553178699427478 0.047908147748760455 0.02680046288627665 0.01454936679955159 0.04072271304249241 0.10431725659846182 0.05227218360763582 130.50964357433298 64.15660747283108 40.747610030478455
LGR4 whole H 0.0 0.0 0.0 0.0 0.0 0.0 64.45432370818737 2.19382495899932 0.5288716286925851 0.018652978356607047 1.8765355080802335 0.02946888878075635 0.012916072926371959 0.007176468973943255 0.7900719442516928 43609.272321875564 12760.386406873007 0.01591278294687291 20.94965453289564 1.6662599944369542e+47 0.00033325199888739084 0.17388342395216191 7.6167324977085284 6.322463459694556 3.601964355422819e+46 0.00419527696461893 0.00016538953066539072 6.21867210630625 20.360274594986965 0.0008410256496061629 0.013148593890663059 0.002008631803682272 0.0129464965397968 2.163798034455348 0.07503797600453622 0.06109392128863006 0.04443826105159666 2.5450120618055814 0.09967670795281168 130.50964357433298 64.15660747283108 40.747610030478455
