data/twind/tables/table-mean.ecsv
# %ECSV 0.9
# ---
# datatype:
# - {name: model, datatype: string}
# - {name: phase, datatype: string}
# - {name: z, datatype: string}
# - {name: Sigma_gas0, unit: solMass / pc2, datatype: float64}
# - {name: Sigma_star, unit: solMass / pc2, datatype: float64}
# - {name: rho_dm, unit: solMass / pc3, datatype: float64}
# - {name: Omega_0, unit: km / (kpc s), datatype: float64}
# - {name: z_star, unit: pc, datatype: float64}
# - {name: R_0, unit: kpc, datatype: float64}
# - {name: H, unit: pc, datatype: float64}
# - {name: sigma_eff, unit: km / s, datatype: float64}
# - {name: ngas, unit: 1 / cm3, datatype: float64}
# - {name: rho_tot, unit: solMass / pc3, datatype: float64}
# - {name: surf, unit: solMass / pc2, datatype: float64}
# - {name: sfr10, unit: solMass / (kpc2 yr), datatype: float64}
# - {name: sfr40, unit: solMass / (kpc2 yr), datatype: float64}
# - {name: sfr100, unit: solMass / (kpc2 yr), datatype: float64}
# - {name: nmid_2p, unit: 1 / cm3, datatype: float64}
# - {name: Pmid_2p, unit: K / cm3, datatype: float64}
# - {name: W_2p, unit: K / cm3, datatype: float64}
# - {name: mass_norm, unit: solMass / (kpc2 yr), datatype: float64}
# - {name: mom_norm, unit: km solMass / (kpc2 s yr), datatype: float64}
# - {name: energy_norm, unit: erg / (kpc2 yr), datatype: float64}
# - {name: metal_norm, unit: solMass / (kpc2 yr), datatype: float64}
# - {name: mass, unit: solMass / (kpc2 yr), datatype: float64}
# - {name: mom, unit: km solMass / (kpc2 s yr), datatype: float64}
# - {name: mom_kin, unit: km solMass / (kpc2 s yr), datatype: float64}
# - {name: energy, unit: erg / (kpc2 yr), datatype: float64}
# - {name: metal, unit: solMass / (kpc2 yr), datatype: float64}
# - {name: metal_sn, unit: solMass / (kpc2 yr), datatype: float64}
# - {name: vout_flux, unit: km / s, datatype: float64}
# - {name: vB, unit: km / s, datatype: float64}
# - {name: Z, datatype: float64}
# - {name: enrichment, datatype: float64}
# - {name: fmass_sn, datatype: float64}
# - {name: fmetal_sn, datatype: float64}
# - {name: mass_loading, datatype: float64}
# - {name: mom_loading, datatype: float64}
# - {name: mom_kin_loading, datatype: float64}
# - {name: energy_loading, datatype: float64}
# - {name: metal_loading, datatype: float64}
# - {name: metal_sn_loading, datatype: float64}
# - {name: tdep10, unit: Myr, datatype: float64}
# - {name: tdep40, unit: Myr, datatype: float64}
# - {name: tdep100, unit: Myr, datatype: float64}
# meta: !!omap
# - __serialized_columns__:
#     H:
#       __class__: astropy.units.quantity.Quantity
#       unit: &id005 !astropy.units.Unit {unit: pc}
#       value: !astropy.table.SerializedColumn {name: H}
#     Omega_0:
#       __class__: astropy.units.quantity.Quantity
#       unit: !astropy.units.Unit {unit: km / (kpc s)}
#       value: !astropy.table.SerializedColumn {name: Omega_0}
#     Pmid_2p:
#       __class__: astropy.units.quantity.Quantity
#       unit: !astropy.units.Unit {unit: K / cm3}
#       value: !astropy.table.SerializedColumn {name: Pmid_2p}
#     R_0:
#       __class__: astropy.units.quantity.Quantity
#       unit: !astropy.units.Unit {unit: kpc}
#       value: !astropy.table.SerializedColumn {name: R_0}
#     Sigma_gas0:
#       __class__: astropy.units.quantity.Quantity
#       unit: !astropy.units.Unit {unit: solMass / pc2}
[...]
#       unit: !astropy.units.Unit {unit: km / s}
#       value: !astropy.table.SerializedColumn {name: sigma_eff}
#     surf:
#       __class__: astropy.units.quantity.Quantity
#       unit: !astropy.units.Unit {unit: solMass / pc2}
#       value: !astropy.table.SerializedColumn {name: surf}
#     tdep10:
#       __class__: astropy.units.quantity.Quantity
#       unit: &id004 !astropy.units.Unit {unit: Myr}
#       value: !astropy.table.SerializedColumn {name: tdep10}
#     tdep100:
#       __class__: astropy.units.quantity.Quantity
#       unit: *id004
#       value: !astropy.table.SerializedColumn {name: tdep100}
#     tdep40:
#       __class__: astropy.units.quantity.Quantity
#       unit: *id004
#       value: !astropy.table.SerializedColumn {name: tdep40}
#     vB:
#       __class__: astropy.units.quantity.Quantity
#       unit: !astropy.units.Unit {unit: km / s}
#       value: !astropy.table.SerializedColumn {name: vB}
#     vout_flux:
#       __class__: astropy.units.quantity.Quantity
#       unit: !astropy.units.Unit {unit: km / s}
#       value: !astropy.table.SerializedColumn {name: vout_flux}
#     z_star:
#       __class__: astropy.units.quantity.Quantity
#       unit: *id005
#       value: !astropy.table.SerializedColumn {name: z_star}
# schema: astropy-2.0
model phase z Sigma_gas0 Sigma_star rho_dm Omega_0 z_star R_0 H sigma_eff ngas rho_tot surf sfr10 sfr40 sfr100 nmid_2p Pmid_2p W_2p mass_norm mom_norm energy_norm metal_norm mass mom mom_kin energy metal metal_sn vout_flux vB Z enrichment fmass_sn fmetal_sn mass_loading mom_loading mom_kin_loading energy_loading metal_loading metal_sn_loading tdep10 tdep40 tdep100
[from data line 22]
R4 hot 2H 50.0 208.028 0.0239821 53.7312 245.0 4.0 338.97583404850667 40.614129516282674 1.3580892743117305 0.49642801551340165 29.464056135361222 0.0912253715895049 0.12471454711221791 0.14934947288653422 4.257230507850131 362252.38999856624 287928.6746697065 0.1205152702331543 158.66195660133064 1.2619400024414062e+48 0.0025238800048828125 0.017188797384762505 9.864948051415057 5.988849183927436 9.500100837589192e+46 0.0007690589568882306 0.00029985124616672504 318.8983307924953 665.8887021095318 0.04322835819130577 1.4396797874804559 0.07634382829690776 0.34850666749500775 0.14262754712749912 0.06217588804985355 0.03774596829771611 0.07528171560620844 0.3047129639287028 0.11880566650816174 322.98093854792194 236.25195951559306 197.28262554864227
R4 whole 2H 50.0 208.028 0.0239821 53.7312 245.0 4.0 338.97583404850667 40.614129516282674 1.3580892743117305 0.49642801551340165 29.464056135361222 0.0912253715895049 0.12471454711221791 0.14934947288653422 4.257230507850131 362252.38999856624 287928.6746697065 0.1205152702331543 158.66195660133064 1.2619400024414062e+48 0.0025238800048828125 0.10858087276622061 16.7046713190998 12.537251584958568 1.0409289946440672e+47 0.003797364158780968 0.000724997438874713 121.8792328945669 306.33393248580376 0.035889677103038864 1.1913637070955225 0.033198256982922045 0.1848184421517376 0.9009719063497525 0.10528466733253246 0.07901863719266287 0.08248640922945932 1.5045739700122096 0.28725511413858823 322.98093854792194 236.25195951559306 197.28262554864227
R4 cool 500 50.0 208.028 0.0239821 53.7312 245.0 4.0 338.97583404850667 40.614129516282674 1.3580892743117305 0.49642801551340165 29.464056135361222 0.0912253715895049 0.12471454711221791 0.14934947288653422 4.257230507850131 362252.38999856624 287928.6746697065 0.1205152702331543 158.66195660133064 1.2619400024414062e+48 0.0025238800048828125 0.10589336517308204 6.553664009702448 6.375785146378978 7.043451510981687e+45 0.003334223317589066 0.0003783321465714074 59.46529850247752 80.94840713763413 0.033276274216874756 1.1033418982193575 0.01782627960524492 0.10776298027103902 0.8786717647333483 0.041305831278570564 0.04018471272479887 0.00558144721409505 1.3210704594269642 0.14990100394609446 322.98093854792194 236.25195951559306 197.28262554864227
R4 int 500 50.0 208.028 0.0239821 53.7312 245.0 4.0 338.97583404850667 40.614129516282674 1.3580892743117305 0.49642801551340165 29.464056135361222 0.0912253715895049 0.12471454711221791 0.14934947288653422 4.257230507850131 362252.38999856624 287928.6746697065 0.1205152702331543 158.66195660133064 1.2619400024414062e+48 0.0025238800048828125 0.012579442526216806 1.6847363735241725 1.4670636369090964 3.689876720896696e+45 0.00042520799614926294 7.018599568504169e-05 112.44415579625988 167.26882425590318 0.03472192167328232 1.1521921627873073 0.026320167655369795 0.15289489836846756 0.10438048640541607 0.010618401598042837 0.009246473876503252 0.0029239715943373645 0.16847393510255493 0.027808768859556195 322.98093854792194 236.25195951559306 197.28262554864227
R4 hot 500 50.0 208.028 0.0239821 53.7312 245.0 4.0 338.97583404850667 40.614129516282674 1.3580892743117305 0.49642801551340165 29.464056135361222 0.0912253715895049 0.12471454711221791 0.14934947288653422 4.257230507850131 362252.38999856624 287928.6746697065 0.1205152702331543 158.66195660133064 1.2619400024414062e+48 0.0025238800048828125 0.02304654242970764 15.287651117561404 9.48662375438654 1.7983837492999429e+47 0.0010996545760198777 0.0004978590523841967 362.8586900017021 748.4049304472185 0.04502230601409687 1.5066165937565914 0.08671775265497192 0.37455193161552114 0.19123337967977633 0.09635360262179694 0.059791420436239466 0.14250944940494067 0.4357000229378719 0.1972593987911533 322.98093854792194 236.25195951559306 197.28262554864227
R4 whole 500 50.0 208.028 0.0239821 53.7312 245.0 4.0 338.97583404850667 40.614129516282674 1.3580892743117305 0.49642801551340165 29.464056135361222 0.0912253715895049 0.12471454711221791 0.14934947288653422 4.257230507850131 362252.38999856624 287928.6746697065 0.1205152702331543 158.66195660133064 1.2619400024414062e+48 0.0025238800048828125 0.14151935012900646 23.52605151204404 17.329472537674615 1.9057170316187267e+47 0.004859085889758207 0.0009462003751728274 127.01284079125602 341.77058588675226 0.03567389785089088 1.1839575710615395 0.03193270742778557 0.17926912752953195 1.1742856308185405 0.14827783556935373 0.1092226070375416 0.1510148682133731 1.9252444174673913 0.37489911300943995 322.98093854792194 236.25195951559306 197.28262554864227
R4 cool 1000 50.0 208.028 0.0239821 53.7312 245.0 4.0 338.97583404850667 40.614129516282674 1.3580892743117305 0.49642801551340165 29.464056135361222 0.0912253715895049 0.12471454711221791 0.14934947288653422 4.257230507850131 362252.38999856624 287928.6746697065 0.1205152702331543 158.66195660133064 1.2619400024414062e+48 0.0025238800048828125 0.055041814520850156 4.23440738265713 4.158239219960726 5.0866309335185903e+45 0.0018201067073569707 0.00031327949334461675 77.97937773498127 97.17561221396846 0.034972028727297294 1.1595306623607575 0.027821275075718677 0.1597590901548493 0.4567206663053053 0.026688233735178944 0.026208168038726005 0.004030802513334837 0.7211542164586707 0.12412614416633598 322.98093854792194 236.25195951559306 197.28262554864227
R4 int 1000 50.0 208.028 0.0239821 53.7312 245.0 4.0 338.97583404850667 40.614129516282674 1.3580892743117305 0.49642801551340165 29.464056135361222 0.0912253715895049 0.12471454711221791 0.14934947288653422 4.257230507850131 362252.38999856624 287928.6746697065 0.1205152702331543 158.66195660133064 1.2619400024414062e+48 0.0025238800048828125 0.007779367613385825 1.1656251370706183 1.0543913215478415 2.5921622043441347e+45 0.0002736952456859529 5.687377763167922e-05 126.76355746950753 174.84209258224257 0.03611219953114114 1.1983507014933608 0.034518657599996984 0.19218470783557648 0.06455088718911312 0.007346595000082349 0.006645520729315138 0.002054108911144128 0.10844225761781451 0.022534263721590817 322.98093854792194 236.25195951559306 197.28262554864227
R4 hot 1000 50.0 208.028 0.0239821 53.7312 245.0 4.0 338.97583404850667 40.614129516282674 1.3580892743117305 0.49642801551340165 29.464056135361222 0.0912253715895049 0.12471454711221791 0.14934947288653422 4.257230507850131 362252.38999856624 287928.6746697065 0.1205152702331543 158.66195660133064 1.2619400024414062e+48 0.0025238800048828125 0.013737144032822737 7.39625684854041 4.75830933532311 6.778073579136691e+46 0.0006034900388166525 0.00023173382112650498 296.45652470999596 585.1330843612918 0.04208451547851226 1.4030243492213132 0.06956170223477455 0.32608158705300605 0.113986750444539 0.04661644799405165 0.02999023481904549 0.05371153593691874 0.23911201707256818 0.0918164970910591 322.98093854792194 236.25195951559306 197.28262554864227
R4 whole 1000 50.0 208.028 0.0239821 53.7312 245.0 4.0 338.97583404850667 40.614129516282674 1.3580892743117305 0.49642801551340165 29.464056135361222 0.0912253715895049 0.12471454711221791 0.14934947288653422 4.257230507850131 362252.38999856624 287928.6746697065 0.1205152702331543 158.66195660133064 1.2619400024414062e+48 0.0025238800048828125 0.07655832616705872 12.796289368897687 9.970939876831677 7.545952892922963e+46 0.0026972919918595768 0.000601887092102801 142.52951054452498 302.32352088521196 0.036850731385996253 1.2221630748961396 0.038892259176467166 0.21119941528068012 0.6352583039389574 0.08065127673328068 0.06284392358708663 0.059796447361397706 1.0687084911490536 0.23847690497898594 322.98093854792194 236.25195951559306 197.28262554864227
R8 cool H 12.0 42.0 0.0064 28.0 245.0 8.0 354.6622015096375 18.327961218867475 0.8633464215634765 0.12256398511579845 10.701156880813855 0.00524997933652533 0.005136798825904952 0.005452298837595128 1.4368159273346166 21791.56710920569 19472.964098789467 0.005136680603027344 6.7625935977714144 5.37872314453125e+46 0.00010757446289062498 0.032268446345012615 0.780182717626607 0.6272198818497541 4.362820776959552e+44 0.0007112002169911014 2.0738326284343806e-05 19.637184849106436 37.47020175557671 0.02222804488149891 1.029131299531803 0.0035322963073912525 0.03164418265304524 6.281964723676794 0.11536738181098344 0.09274842156069409 0.008111257374150955 6.6112365135785565 0.19278112785400792 2038.3236189833003 2083.2345675769443 1962.6871526238406
R8 int H 12.0 42.0 0.0064 28.0 245.0 8.0 354.6622015096375 18.327961218867475 0.8633464215634765 0.12256398511579845 10.701156880813855 0.00524997933652533 0.005136798825904952 0.005452298837595128 1.4368159273346166 21791.56710920569 19472.964098789467 0.005136680603027344 6.7625935977714144 5.37872314453125e+46 0.00010757446289062498 0.0012437074543086497 0.12238495089491148 0.089230665597957 2.3108132496249393e+44 2.940614176074262e-05 2.8923308383645355e-06 69.33584819843055 134.73972226646262 0.023732581127065406 1.0988802184558257 0.011965182648469384 0.10042105861000665 0.24212279299118983 0.018097339301188075 0.013194740199582984 0.004296211549714044 0.2733561569407133 0.026886779265682018 2038.3236189833003 2083.2345675769443 1962.6871526238406
R8 hot H 12.0 42.0 0.0064 28.0 245.0 8.0 354.6622015096375 18.327961218867475 0.8633464215634765 0.12256398511579845 10.701156880813855 0.00524997933652533 0.005136798825904952 0.005452298837595128 1.4368159273346166 21791.56710920569 19472.964098789467 0.005136680603027344 6.7625935977714144 5.37872314453125e+46 0.00010757446289062498 0.0013039832776478835 0.6713004954971561 0.3356818219992604 5.4997345503864426e+45 4.125785351950763e-05 1.4678490228674236e-05 242.69037503272983 597.1077727877663 0.03124682781351628 1.4452227781563851 0.05411168215249222 0.3365786794763458 0.2538571849064103 0.09926672153097896 0.04963802972130145 0.10224981659407828 0.3835283245750996 0.13644957952147446 2038.3236189833003 2083.2345675769443 1962.6871526238406
R8 whole H 12.0 42.0 0.0064 28.0 245.0 8.0 354.6622015096375 18.327961218867475 0.8633464215634765 0.12256398511579845 10.701156880813855 0.00524997933652533 0.005136798825904952 0.005452298837595128 1.4368159273346166 21791.56710920569 19472.964098789467 0.005136680603027344 6.7625935977714144 5.37872314453125e+46 0.00010757446289062498 0.03481613707696915 1.5738681663566412 1.0521323694469713 6.167097953044891e+45 0.0007818642122713517 3.8309147351382576e-05 34.42930804710161 139.29070032406054 0.02277575600442909 1.054280556144565 0.006605718785377972 0.05700134510048267 6.777944701574395 0.23273144298887088 0.1555811914815785 0.11465728551794327 7.268120995094371 0.3561174866411644 2038.3236189833003 2083.2345675769443 1962.6871526238406
R8 cool 2H 12.0 42.0 0.0064 28.0 245.0 8.0 354.6622015096375 18.327961218867475 0.8633464215634765 0.12256398511579845 10.701156880813855 0.00524997933652533 0.005136798825904952 0.005452298837595128 1.4368159273346166 21791.56710920569 19472.964098789467 0.005136680603027344 6.7625935977714144 5.37872314453125e+46 0.00010757446289062498 0.010489996105188259 0.3376077238476369 0.3015994228847951 2.2866358977072797e+44 0.00023701148348620487 1.2693739557663738e-05 28.564679355505366 47.29477770728849 0.022751389914291445 1.0532830198958996 0.006467280067605955 0.05657789982349651 2.0421741034484207 0.04992281718051106 0.04459818833179417 0.0042512615657345895 2.203231855567649 0.11799956250369516 2038.3236189833003 2083.2345675769443 1962.6871526238406
R8 int 2H 12.0 42.0 0.0064 28.0 245.0 8.0 354.6622015096375 18.327961218867475 0.8633464215634765 0.12256398511579845 10.701156880813855 0.00524997933652533 0.005136798825904952 0.005452298837595128 1.4368159273346166 21791.56710920569 19472.964098789467 0.005136680603027344 6.7625935977714144 5.37872314453125e+46 0.00010757446289062498 0.0009721977849396965 0.09770498732223265 0.06818110109800671 1.7575972646251749e+44 2.312384598865585e-05 2.373788048136887e-06 68.53865667959681 134.3332023146164 0.023788289613537402 1.1014097982176252 0.012278245787271682 0.10302976070899965 0.18926576520384078 0.014447857306467585 0.010082093521112301 0.0032676849456588783 0.21495664832802128 0.02206646432946086 2038.3236189833003 2083.2345675769443 1962.6871526238406
R8 hot 2H 12.0 42.0 0.0064 28.0 245.0 8.0 354.6622015096375 18.327961218867475 0.8633464215634765 0.12256398511579845 10.701156880813855 0.00524997933652533 0.005136798825904952 0.005452298837595128 1.4368159273346166 21791.56710920569 19472.964098789467 0.005136680603027344 6.7625935977714144 5.37872314453125e+46 0.00010757446289062498 0.0007931213430641504 0.35887555904970014 0.1794150450679612 2.509370004222953e+45 2.396354682668027e-05 7.595502316899526e-06 203.03695097997937 490.2870333096828 0.029267097755227324 1.354314426862365 0.04300265729749989 0.288085780171037 0.15440347655579714 0.05306774004103487 0.026530508224993248 0.04665363761610084 0.22276241203309483 0.07060692763692587 2038.3236189833003 2083.2345675769443 1962.6871526238406
R8 whole 2H 12.0 42.0 0.0064 28.0 245.0 8.0 354.6622015096375 18.327961218867475 0.8633464215634765 0.12256398511579845 10.701156880813855 0.00524997933652533 0.005136798825904952 0.005452298837595128 1.4368159273346166 21791.56710920569 19472.964098789467 0.005136680603027344 6.7625935977714144 5.37872314453125e+46 0.00010757446289062498 0.012255315233192107 0.7941882711126941 0.5491955690507629 2.9137933204561985e+45 0.000284098876301541 2.2663029922700148e-05 48.069555163484026 151.45936877845796 0.023401249300897323 1.0831489079248067 0.010113577213638624 0.08529763060820107 2.385843345208059 0.11743841466008184 0.08121079007789972 0.05417258412749431 2.640950915928765 0.21067295447008186 2038.3236189833003 2083.2345675769443 1962.6871526238406
R8 cool 500 12.0 42.0 0.0064 28.0 245.0 8.0 354.6622015096375 18.327961218867475 0.8633464215634765 0.12256398511579845 10.701156880813855 0.00524997933652533 0.005136798825904952 0.005452298837595128 1.4368159273346166 21791.56710920569 19472.964098789467 0.005136680603027344 6.7625935977714144 5.37872314453125e+46 0.00010757446289062498 0.01727382585901003 0.48888580156117234 0.4210301551877576 3.071790853517629e+44 0.0003873307897594065 1.624191188194606e-05 24.04567088338773 42.76783198963047 0.022461699852511417 1.0400170684710357 0.004841161692854815 0.043017067843366945 3.362838220626286 0.07229264844811652 0.062258680652716794 0.005711003840457626 3.6005830691733998 0.15098296980074002 2038.3236189833003 2083.2345675769443 1962.6871526238406
R8 int 500 12.0 42.0 0.0064 28.0 245.0 8.0 354.6622015096375 18.327961218867475 0.8633464215634765 0.12256398511579845 10.701156880813855 0.00524997933652533 0.005136798825904952 0.005452298837595128 1.4368159273346166 21791.56710920569 19472.964098789467 0.005136680603027344 6.7625935977714144 5.37872314453125e+46 0.00010757446289062498 0.0010705610062796292 0.10777111539080571 0.07682159894416128 2.014665094012674e+44 2.536179232815959e-05 2.524781343587721e-06 69.11338803589156 135.40652125702533 0.02372558742281103 1.0985482545296257 0.011926120290215775 0.10016651085130254 0.20841494517854303 0.015936358415256723 0.011359783466727549 0.003745619619892613 0.23576034354869038 0.023470080869980838 2038.3236189833003 2083.2345675769443 1962.6871526238406
