data/twind/tables/table-mean.ecsv
# %ECSV 0.9
# ---
# datatype:
# - {name: model, datatype: string}
# - {name: phase, datatype: string}
# - {name: z, datatype: string}
# - {name: Sigma_gas0, unit: solMass / pc2, datatype: float64}
# - {name: Sigma_star, unit: solMass / pc2, datatype: float64}
# - {name: rho_dm, unit: solMass / pc3, datatype: float64}
# - {name: Omega_0, unit: km / (kpc s), datatype: float64}
# - {name: z_star, unit: pc, datatype: float64}
# - {name: R_0, unit: kpc, datatype: float64}
# - {name: H, unit: pc, datatype: float64}
# - {name: sigma_eff, unit: km / s, datatype: float64}
# - {name: ngas, unit: 1 / cm3, datatype: float64}
# - {name: rho_tot, unit: solMass / pc3, datatype: float64}
# - {name: surf, unit: solMass / pc2, datatype: float64}
# - {name: sfr10, unit: solMass / (kpc2 yr), datatype: float64}
# - {name: sfr40, unit: solMass / (kpc2 yr), datatype: float64}
# - {name: sfr100, unit: solMass / (kpc2 yr), datatype: float64}
# - {name: nmid_2p, unit: 1 / cm3, datatype: float64}
# - {name: Pmid_2p, unit: K / cm3, datatype: float64}
# - {name: W_2p, unit: K / cm3, datatype: float64}
# - {name: mass_norm, unit: solMass / (kpc2 yr), datatype: float64}
# - {name: mom_norm, unit: km solMass / (kpc2 s yr), datatype: float64}
# - {name: energy_norm, unit: erg / (kpc2 yr), datatype: float64}
# - {name: metal_norm, unit: solMass / (kpc2 yr), datatype: float64}
# - {name: mass, unit: solMass / (kpc2 yr), datatype: float64}
# - {name: mom, unit: km solMass / (kpc2 s yr), datatype: float64}
# - {name: mom_kin, unit: km solMass / (kpc2 s yr), datatype: float64}
# - {name: energy, unit: erg / (kpc2 yr), datatype: float64}
# - {name: metal, unit: solMass / (kpc2 yr), datatype: float64}
# - {name: metal_sn, unit: solMass / (kpc2 yr), datatype: float64}
# - {name: vout_flux, unit: km / s, datatype: float64}
# - {name: vB, unit: km / s, datatype: float64}
# - {name: Z, datatype: float64}
# - {name: enrichment, datatype: float64}
# - {name: fmass_sn, datatype: float64}
# - {name: fmetal_sn, datatype: float64}
# - {name: mass_loading, datatype: float64}
# - {name: mom_loading, datatype: float64}
# - {name: mom_kin_loading, datatype: float64}
# - {name: energy_loading, datatype: float64}
# - {name: metal_loading, datatype: float64}
# - {name: metal_sn_loading, datatype: float64}
# - {name: tdep10, unit: Myr, datatype: float64}
# - {name: tdep40, unit: Myr, datatype: float64}
# - {name: tdep100, unit: Myr, datatype: float64}
# meta: !!omap
# - __serialized_columns__:
#     H:
#       __class__: astropy.units.quantity.Quantity
#       unit: &id005 !astropy.units.Unit {unit: pc}
#       value: !astropy.table.SerializedColumn {name: H}
#     Omega_0:
#       __class__: astropy.units.quantity.Quantity
#       unit: !astropy.units.Unit {unit: km / (kpc s)}
#       value: !astropy.table.SerializedColumn {name: Omega_0}
#     Pmid_2p:
#       __class__: astropy.units.quantity.Quantity
#       unit: !astropy.units.Unit {unit: K / cm3}
#       value: !astropy.table.SerializedColumn {name: Pmid_2p}
#     R_0:
#       __class__: astropy.units.quantity.Quantity
#       unit: !astropy.units.Unit {unit: kpc}
#       value: !astropy.table.SerializedColumn {name: R_0}
#     Sigma_gas0:
#       __class__: astropy.units.quantity.Quantity
#       unit: !astropy.units.Unit {unit: solMass / pc2}
[...]
#       unit: !astropy.units.Unit {unit: km / s}
#       value: !astropy.table.SerializedColumn {name: sigma_eff}
#     surf:
#       __class__: astropy.units.quantity.Quantity
#       unit: !astropy.units.Unit {unit: solMass / pc2}
#       value: !astropy.table.SerializedColumn {name: surf}
#     tdep10:
#       __class__: astropy.units.quantity.Quantity
#       unit: &id004 !astropy.units.Unit {unit: Myr}
#       value: !astropy.table.SerializedColumn {name: tdep10}
#     tdep100:
#       __class__: astropy.units.quantity.Quantity
#       unit: *id004
#       value: !astropy.table.SerializedColumn {name: tdep100}
#     tdep40:
#       __class__: astropy.units.quantity.Quantity
#       unit: *id004
#       value: !astropy.table.SerializedColumn {name: tdep40}
#     vB:
#       __class__: astropy.units.quantity.Quantity
#       unit: !astropy.units.Unit {unit: km / s}
#       value: !astropy.table.SerializedColumn {name: vB}
#     vout_flux:
#       __class__: astropy.units.quantity.Quantity
#       unit: !astropy.units.Unit {unit: km / s}
#       value: !astropy.table.SerializedColumn {name: vout_flux}
#     z_star:
#       __class__: astropy.units.quantity.Quantity
#       unit: *id005
#       value: !astropy.table.SerializedColumn {name: z_star}
# schema: astropy-2.0
model phase z Sigma_gas0 Sigma_star rho_dm Omega_0 z_star R_0 H sigma_eff ngas rho_tot surf sfr10 sfr40 sfr100 nmid_2p Pmid_2p W_2p mass_norm mom_norm energy_norm metal_norm mass mom mom_kin energy metal metal_sn vout_flux vB Z enrichment fmass_sn fmetal_sn mass_loading mom_loading mom_kin_loading energy_loading metal_loading metal_sn_loading tdep10 tdep40 tdep100
[from data line 85]
LGR4 int 2H 60.0 50.0 0.005 30.0 500.0 4.0 423.7733508923098 29.980940898154675 1.5166467548800624 0.10849120194503782 37.76570596092212 0.09290553925210097 0.0896817396537242 0.08829338141524044 4.450988609687131 200331.71949563155 149542.53748440067 0.08933671188354492 117.61445231255979 9.354629516601562e+47 0.0018709259033203125 0.005652233111369746 0.7087911228327511 0.5997986546028268 1.497358448860422e+45 0.0001694222399775 2.246968909513915e-05 84.7336841732946 147.30637065240174 0.030442690677308447 1.1291286034249584 0.01979260963587157 0.13055314043221886 0.0632688733690773 0.00602639479159536 0.005099701973775 0.0016006603427779537 0.09055529119396344 0.012009929979195023 406.4957403502514 421.1080885221637 427.7297500172911
LGR4 hot 2H 60.0 50.0 0.005 30.0 500.0 4.0 423.7733508923098 29.980940898154675 1.5166467548800624 0.10849120194503782 37.76570596092212 0.09290553925210097 0.0896817396537242 0.08829338141524044 4.450988609687131 200331.71949563155 149542.53748440067 0.08933671188354492 117.61445231255979 9.354629516601562e+47 0.0018709259033203125 0.0071129069071241115 3.7903885748912076 2.169493466664103 3.164303038311053e+46 0.00027446234423687344 9.769134195701057e-05 244.58142727445176 555.9994588616032 0.03778900727284631 1.4030574102418683 0.060778858938400876 0.3252612559216083 0.07961908108277096 0.032227234836908224 0.0184458068205656 0.033826064759650804 0.1466986713636216 0.05221550558663963 406.4957403502514 421.1080885221637 427.7297500172911
LGR4 whole 2H 60.0 50.0 0.005 30.0 500.0 4.0 423.7733508923098 29.980940898154675 1.5166467548800624 0.10849120194503782 37.76570596092212 0.09290553925210097 0.0896817396537242 0.08829338141524044 4.450988609687131 200331.71949563155 149542.53748440067 0.08933671188354492 117.61445231255979 9.354629516601562e+47 0.0018709259033203125 0.12029243048349235 9.658730125107752 7.726283011176016 3.7391906823106934e+46 0.0034515684877985215 0.0003157204851737102 59.174898571064595 173.3530558582768 0.029646201262031602 1.1006375506138155 0.015513939329275007 0.10321695299562277 1.3465061333385522 0.08212196660525806 0.06569161237637242 0.0399715528624067 1.8448451013869973 0.16875092948010628 406.4957403502514 421.1080885221637 427.7297500172911
LGR4 cool 500 60.0 50.0 0.005 30.0 500.0 4.0 423.7733508923098 29.980940898154675 1.5166467548800624 0.10849120194503782 37.76570596092212 0.09290553925210097 0.0896817396537242 0.08829338141524044 4.450988609687131 200331.71949563155 149542.53748440067 0.08933671188354492 117.61445231255979 9.354629516601562e+47 0.0018709259033203125 0.2546358946269856 9.640084789072272 9.17725757412817 6.642027230664322e+45 0.007018714861931917 0.00022523815198994523 37.53363010655672 54.86610368525053 0.0283797414817482 1.053685282971347 0.008445204284677967 0.059432349798084934 2.8502940085697 0.08196343731171572 0.07802831534461135 0.0071002568502331245 3.7514659717286922 0.12038860095432825 406.4957403502514 421.1080885221637 427.7297500172911
LGR4 int 500 60.0 50.0 0.005 30.0 500.0 4.0 423.7733508923098 29.980940898154675 1.5166467548800624 0.10849120194503782 37.76570596092212 0.09290553925210097 0.0896817396537242 0.08829338141524044 4.450988609687131 200331.71949563155 149542.53748440067 0.08933671188354492 117.61445231255979 9.354629516601562e+47 0.0018709259033203125 0.009336481495325623 1.1141187774664794 0.9351787964363334 2.2431047967731528e+45 0.00028415676615397954 3.401459307471287e-05 90.1066260425467 149.17604995964336 0.03015222936860509 1.1192750264925713 0.01840105249323079 0.12224385045142838 0.10450890007566224 0.009472634999869868 0.007951223493785445 0.0023978553001937045 0.15188028860452973 0.018180620095294812 406.4957403502514 421.1080885221637 427.7297500172911
LGR4 hot 500 60.0 50.0 0.005 30.0 500.0 4.0 423.7733508923098 29.980940898154675 1.5166467548800624 0.10849120194503782 37.76570596092212 0.09290553925210097 0.0896817396537242 0.08829338141524044 4.450988609687131 200331.71949563155 149542.53748440067 0.08933671188354492 117.61445231255979 9.354629516601562e+47 0.0018709259033203125 0.015071338887866926 9.566791621549678 5.089411952389361 9.644768371980912e+46 0.0006358093876356203 0.00026009631495021643 294.35358315363817 703.7510757749735 0.039944631910456316 1.4826684392999352 0.07504971350841769 0.36755335463846245 0.168702637136603 0.08134027267436471 0.04327199465984227 0.10310155367312457 0.33983675489620196 0.13902010469181394 406.4957403502514 421.1080885221637 427.7297500172911
LGR4 whole 500 60.0 50.0 0.005 30.0 500.0 4.0 423.7733508923098 29.980940898154675 1.5166467548800624 0.10849120194503782 37.76570596092212 0.09290553925210097 0.0896817396537242 0.08829338141524044 4.450988609687131 200331.71949563155 149542.53748440067 0.08933671188354492 117.61445231255979 9.354629516601562e+47 0.0018709259033203125 0.27904371501017816 20.320995182008406 15.201848322953865 1.0533281574724657e+47 0.007938681015721517 0.0004962582020104295 68.01467848520556 228.2514809433451 0.02966842566303837 1.1025032712055716 0.015639187170535557 0.10389727302555198 3.1235055457819656 0.17277634493425575 0.1292515334982391 0.11259966582355137 4.243183015229424 0.2652473842655796 406.4957403502514 421.1080885221637 427.7297500172911
LGR4 cool 1000 60.0 50.0 0.005 30.0 500.0 4.0 423.7733508923098 29.980940898154675 1.5166467548800624 0.10849120194503782 37.76570596092212 0.09290553925210097 0.0896817396537242 0.08829338141524044 4.450988609687131 200331.71949563155 149542.53748440067 0.08933671188354492 117.61445231255979 9.354629516601562e+47 0.0018709259033203125 0.09250240909413537 4.494791295532924 4.313824855560067 3.6575342665547543e+45 0.002652769061173866 0.00016052852826348773 47.90278587204943 64.79861310496297 0.029322786905164443 1.087651912510341 0.013228935557611876 0.09265092725316934 1.0354355689150179 0.038216317868726195 0.03667767668633188 0.003909865441558928 1.4178910327052636 0.08580164932165375 406.4957403502514 421.1080885221637 427.7297500172911
LGR4 int 1000 60.0 50.0 0.005 30.0 500.0 4.0 423.7733508923098 29.980940898154675 1.5166467548800624 0.10849120194503782 37.76570596092212 0.09290553925210097 0.0896817396537242 0.08829338141524044 4.450988609687131 200331.71949563155 149542.53748440067 0.08933671188354492 117.61445231255979 9.354629516601562e+47 0.0018709259033203125 0.004722740625804491 0.6002950172804274 0.5159938467384807 1.2066688120730128e+45 0.000146130608868943 2.050927738981763e-05 92.73166492409483 152.84138022873734 0.030872195035863505 1.1457995508013201 0.022294121461616905 0.1447588953048577 0.052864500228761845 0.005103922226200115 0.004387163623116909 0.001289916195966447 0.07810603755584683 0.01096210029131567 406.4957403502514 421.1080885221637 427.7297500172911
LGR4 hot 1000 60.0 50.0 0.005 30.0 500.0 4.0 423.7733508923098 29.980940898154675 1.5166467548800624 0.10849120194503782 37.76570596092212 0.09290553925210097 0.0896817396537242 0.08829338141524044 4.450988609687131 200331.71949563155 149542.53748440067 0.08933671188354492 117.61445231255979 9.354629516601562e+47 0.0018709259033203125 0.00669656890179845 3.141518455015205 1.880311861288108 2.355586468559849e+46 0.00025042523456637417 8.006494290815155e-05 230.04502841553918 513.4965914366164 0.03676909708063592 1.3647065102527562 0.05667672038216458 0.30248824006724184 0.0749587572747 0.02671030977270239 0.015987081726072144 0.025180970175028468 0.13385096337698202 0.042794288521026486 406.4957403502514 421.1080885221637 427.7297500172911
LGR4 whole 1000 60.0 50.0 0.005 30.0 500.0 4.0 423.7733508923098 29.980940898154675 1.5166467548800624 0.10849120194503782 37.76570596092212 0.09290553925210097 0.0896817396537242 0.08829338141524044 4.450988609687131 200331.71949563155 149542.53748440067 0.08933671188354492 117.61445231255979 9.354629516601562e+47 0.0018709259033203125 0.10392171862173832 8.236604775455264 6.710130563586655 2.842006776422626e+46 0.0030493249046091835 0.00025433504059302017 81.12902100457505 204.48788075294496 0.030557307022520436 1.1356694086468364 0.020831806762971992 0.13342623493449263 1.1632588264184798 0.07003054993247369 0.057051922035520924 0.030380751812553845 1.6298480336380927 0.13594073401926524 406.4957403502514 421.1080885221637 427.7297500172911
LGR8 cool H 12.0 10.0 0.0016 15.0 500.0 8.0 600.9610848469231 16.68766930252406 0.36949925692834856 0.02463201243618441 10.497732893180828 0.003408498023409787 0.0032092501667861056 0.0030357490610137053 0.6942017561614404 9465.579826256726 8508.866893419128 0.003195580005645752 4.207076623493008 3.346157073974609e+46 6.69231414794922e-05 0.0399063798883779 0.8552963997538061 0.7126427896419805 3.5818253412991585e+44 0.0008711119620262222 7.85646324256044e-06 12.749040116977438 26.31269734671872 0.021990096055609584 1.011658368282612 0.0013944530711530244 0.012873471192331301 12.487992733048081 0.20329945857836063 0.16939144527638642 0.010704295291926088 13.016602968244761 0.11739531451864016 3079.870611947467 3271.0858760174983 3458.0371045805086
LGR8 int H 12.0 10.0 0.0016 15.0 500.0 8.0 600.9610848469231 16.68766930252406 0.36949925692834856 0.02463201243618441 10.497732893180828 0.003408498023409787 0.0032092501667861056 0.0030357490610137053 0.6942017561614404 9465.579826256726 8508.866893419128 0.003195580005645752 4.207076623493008 3.346157073974609e+46 6.69231414794922e-05 0.0007361382907881071 0.07290136963880108 0.055405521673250704 1.3373449817037846e+44 1.730912859855281e-05 1.4585699133234003e-06 50.17527897842599 118.72332433632529 0.024389027955858816 1.1215873903701852 0.014358262474940339 0.11408246734740889 0.2303614021515793 0.01732827237605035 0.013169601277014342 0.003996659308390651 0.25864190197731507 0.0217947018188075 3079.870611947467 3271.0858760174983 3458.0371045805086
LGR8 hot H 12.0 10.0 0.0016 15.0 500.0 8.0 600.9610848469231 16.68766930252406 0.36949925692834856 0.02463201243618441 10.497732893180828 0.003408498023409787 0.0032092501667861056 0.0030357490610137053 0.6942017561614404 9465.579826256726 8508.866893419128 0.003195580005645752 4.207076623493008 3.346157073974609e+46 6.69231414794922e-05 0.0008891191325332197 0.4363998960009899 0.2364635547184069 3.296706043001482e+45 2.7047553302872307e-05 8.570052391045615e-06 161.3096335488619 463.3625696849676 0.029450155901803905 1.3559691392433961 0.039119983360960106 0.28630134830436826 0.278234039192378 0.10372996145686082 0.05620614404737853 0.0985221545229379 0.40415845259088307 0.128058130589578 3079.870611947467 3271.0858760174983 3458.0371045805086
LGR8 whole H 12.0 10.0 0.0016 15.0 500.0 8.0 600.9610848469231 16.68766930252406 0.36949925692834856 0.02463201243618441 10.497732893180828 0.003408498023409787 0.0032092501667861056 0.0030357490610137053 0.6942017561614404 9465.579826256726 8508.866893419128 0.003195580005645752 4.207076623493008 3.346157073974609e+46 6.69231414794922e-05 0.04153163731169922 1.3645976666795177 1.004511866033638 3.788623075301776e+45 0.0009154686439276473 1.7878826626215185e-05 17.225091359295092 71.58155495742899 0.022321675826602317 1.0266092380884324 0.0032177220989605074 0.026741429313760154 12.996588174392036 0.3243576927169284 0.2387671906007793 0.11322310912325463 13.67940332281296 0.2671546229146153 3079.870611947467 3271.0858760174983 3458.0371045805086
LGR8 cool 2H 12.0 10.0 0.0016 15.0 500.0 8.0 600.9610848469231 16.68766930252406 0.36949925692834856 0.02463201243618441 10.497732893180828 0.003408498023409787 0.0032092501667861056 0.0030357490610137053 0.6942017561614404 9465.579826256726 8508.866893419128 0.003195580005645752 4.207076623493008 3.346157073974609e+46 6.69231414794922e-05 0.012586614201097248 0.456729429492268 0.4290874600857813 2.6019979264717534e+44 0.00028229930635623304 8.95755055756486e-06 22.146967472929038 37.62221700435052 0.022248004338105348 1.0245814853355946 0.002814476320078587 0.02690381356909769 3.9387573394688915 0.1085621847108312 0.10199183387573364 0.007776078256186181 4.218261428189834 0.1338483274923637 3079.870611947467 3271.0858760174983 3458.0371045805086
LGR8 int 2H 12.0 10.0 0.0016 15.0 500.0 8.0 600.9610848469231 16.68766930252406 0.36949925692834856 0.02463201243618441 10.497732893180828 0.003408498023409787 0.0032092501667861056 0.0030357490610137053 0.6942017561614404 9465.579826256726 8508.866893419128 0.003195580005645752 4.207076623493008 3.346157073974609e+46 6.69231414794922e-05 0.0005990425479033254 0.06279122184582853 0.04815448992192077 1.1172562026792368e+44 1.4176346463230478e-05 1.2477191494456992e-06 51.989295965395236 129.26658686656035 0.024218298861879973 1.1134324972994474 0.01385975608293126 0.11130225864436057 0.18745972463370478 0.014925143387023667 0.011446069142886102 0.003338923361873581 0.21183026005398525 0.01864406125985655 3079.870611947467 3271.0858760174983 3458.0371045805086
LGR8 hot 2H 12.0 10.0 0.0016 15.0 500.0 8.0 600.9610848469231 16.68766930252406 0.36949925692834856 0.02463201243618441 10.497732893180828 0.003408498023409787 0.0032092501667861056 0.0030357490610137053 0.6942017561614404 9465.579826256726 8508.866893419128 0.003195580005645752 4.207076623493008 3.346157073974609e+46 6.69231414794922e-05 0.0005401014357116019 0.23236920426526764 0.13427212643574252 1.5318574546447107e+45 1.5808810926530463e-05 4.49185044063071e-06 136.5721813433221 377.3894414108491 0.02831148933374567 1.302934110017684 0.03439096665916453 0.25569771748736364 0.1690151505383637 0.05523293846555581 0.031915778687258714 0.04577960390918381 0.23622338367625623 0.06711953953935627 3079.870611947467 3271.0858760174983 3458.0371045805086
LGR8 whole 2H 12.0 10.0 0.0016 15.0 500.0 8.0 600.9610848469231 16.68766930252406 0.36949925692834856 0.02463201243618441 10.497732893180828 0.003408498023409787 0.0032092501667861056 0.0030357490610137053 0.6942017561614404 9465.579826256726 8508.866893419128 0.003195580005645752 4.207076623493008 3.346157073974609e+46 6.69231414794922e-05 0.013725758184712175 0.7518898556807895 0.6115140764434446 1.9037828675598092e+45 0.00031228446374599394 1.469712002584509e-05 35.51816402128895 119.64350999607024 0.023272546980439443 1.0698533895785254 0.008554883539506904 0.0693080859968554 4.2952322146409605 0.17872026658181428 0.14535368170587845 0.056894605527243555 4.666315071920074 0.21961192647163535 3079.870611947467 3271.0858760174983 3458.0371045805086
LGR8 cool 500 12.0 10.0 0.0016 15.0 500.0 8.0 600.9610848469231 16.68766930252406 0.36949925692834856 0.02463201243618441 10.497732893180828 0.003408498023409787 0.0032092501667861056 0.0030357490610137053 0.6942017561614404 9465.579826256726 8508.866893419128 0.003195580005645752 4.207076623493008 3.346157073974609e+46 6.69231414794922e-05 0.03208454140677922 0.6926776739489358 0.58058769737285 3.0275916606961614e+44 0.0007022499458751505 6.518994835132377e-06 14.597173874325582 28.645592146716787 0.021990217519477454 1.0115665192923613 0.0014296942355345981 0.01307193555020411 10.040287318763495 0.16464584221758874 0.1380026439572678 0.009047966349947667 10.493379873542647 0.09741017368603423 3079.870611947467 3271.0858760174983 3458.0371045805086
