data/twind/tables/table-mean.ecsv
# %ECSV 0.9
# ---
# datatype:
# - {name: model, datatype: string}
# - {name: phase, datatype: string}
# - {name: z, datatype: string}
# - {name: Sigma_gas0, unit: solMass / pc2, datatype: float64}
# - {name: Sigma_star, unit: solMass / pc2, datatype: float64}
# - {name: rho_dm, unit: solMass / pc3, datatype: float64}
# - {name: Omega_0, unit: km / (kpc s), datatype: float64}
# - {name: z_star, unit: pc, datatype: float64}
# - {name: R_0, unit: kpc, datatype: float64}
# - {name: H, unit: pc, datatype: float64}
# - {name: sigma_eff, unit: km / s, datatype: float64}
# - {name: ngas, unit: 1 / cm3, datatype: float64}
# - {name: rho_tot, unit: solMass / pc3, datatype: float64}
# - {name: surf, unit: solMass / pc2, datatype: float64}
# - {name: sfr10, unit: solMass / (kpc2 yr), datatype: float64}
# - {name: sfr40, unit: solMass / (kpc2 yr), datatype: float64}
# - {name: sfr100, unit: solMass / (kpc2 yr), datatype: float64}
# - {name: nmid_2p, unit: 1 / cm3, datatype: float64}
# - {name: Pmid_2p, unit: K / cm3, datatype: float64}
# - {name: W_2p, unit: K / cm3, datatype: float64}
# - {name: mass_norm, unit: solMass / (kpc2 yr), datatype: float64}
# - {name: mom_norm, unit: km solMass / (kpc2 s yr), datatype: float64}
# - {name: energy_norm, unit: erg / (kpc2 yr), datatype: float64}
# - {name: metal_norm, unit: solMass / (kpc2 yr), datatype: float64}
# - {name: mass, unit: solMass / (kpc2 yr), datatype: float64}
# - {name: mom, unit: km solMass / (kpc2 s yr), datatype: float64}
# - {name: mom_kin, unit: km solMass / (kpc2 s yr), datatype: float64}
# - {name: energy, unit: erg / (kpc2 yr), datatype: float64}
# - {name: metal, unit: solMass / (kpc2 yr), datatype: float64}
# - {name: metal_sn, unit: solMass / (kpc2 yr), datatype: float64}
# - {name: vout_flux, unit: km / s, datatype: float64}
# - {name: vB, unit: km / s, datatype: float64}
# - {name: Z, datatype: float64}
# - {name: enrichment, datatype: float64}
# - {name: fmass_sn, datatype: float64}
# - {name: fmetal_sn, datatype: float64}
# - {name: mass_loading, datatype: float64}
# - {name: mom_loading, datatype: float64}
# - {name: mom_kin_loading, datatype: float64}
# - {name: energy_loading, datatype: float64}
# - {name: metal_loading, datatype: float64}
# - {name: metal_sn_loading, datatype: float64}
# - {name: tdep10, unit: Myr, datatype: float64}
# - {name: tdep40, unit: Myr, datatype: float64}
# - {name: tdep100, unit: Myr, datatype: float64}
# meta: !!omap
# - __serialized_columns__:
#     H:
#       __class__: astropy.units.quantity.Quantity
#       unit: &id005 !astropy.units.Unit {unit: pc}
#       value: !astropy.table.SerializedColumn {name: H}
#     Omega_0:
#       __class__: astropy.units.quantity.Quantity
#       unit: !astropy.units.Unit {unit: km / (kpc s)}
#       value: !astropy.table.SerializedColumn {name: Omega_0}
#     Pmid_2p:
#       __class__: astropy.units.quantity.Quantity
#       unit: !astropy.units.Unit {unit: K / cm3}
#       value: !astropy.table.SerializedColumn {name: Pmid_2p}
#     R_0:
#       __class__: astropy.units.quantity.Quantity
#       unit: !astropy.units.Unit {unit: kpc}
#       value: !astropy.table.SerializedColumn {name: R_0}
#     Sigma_gas0:
#       __class__: astropy.units.quantity.Quantity
#       unit: !astropy.units.Unit {unit: solMass / pc2}
[...]
#       unit: !astropy.units.Unit {unit: km / s}
#       value: !astropy.table.SerializedColumn {name: sigma_eff}
#     surf:
#       __class__: astropy.units.quantity.Quantity
#       unit: !astropy.units.Unit {unit: solMass / pc2}
#       value: !astropy.table.SerializedColumn {name: surf}
#     tdep10:
#       __class__: astropy.units.quantity.Quantity
#       unit: &id004 !astropy.units.Unit {unit: Myr}
#       value: !astropy.table.SerializedColumn {name: tdep10}
#     tdep100:
#       __class__: astropy.units.quantity.Quantity
#       unit: *id004
#       value: !astropy.table.SerializedColumn {name: tdep100}
#     tdep40:
#       __class__: astropy.units.quantity.Quantity
#       unit: *id004
#       value: !astropy.table.SerializedColumn {name: tdep40}
#     vB:
#       __class__: astropy.units.quantity.Quantity
#       unit: !astropy.units.Unit {unit: km / s}
#       value: !astropy.table.SerializedColumn {name: vB}
#     vout_flux:
#       __class__: astropy.units.quantity.Quantity
#       unit: !astropy.units.Unit {unit: km / s}
#       value: !astropy.table.SerializedColumn {name: vout_flux}
#     z_star:
#       __class__: astropy.units.quantity.Quantity
#       unit: *id005
#       value: !astropy.table.SerializedColumn {name: z_star}
# schema: astropy-2.0
model phase z Sigma_gas0 Sigma_star rho_dm Omega_0 z_star R_0 H sigma_eff ngas rho_tot surf sfr10 sfr40 sfr100 nmid_2p Pmid_2p W_2p mass_norm mom_norm energy_norm metal_norm mass mom mom_kin energy metal metal_sn vout_flux vB Z enrichment fmass_sn fmetal_sn mass_loading mom_loading mom_kin_loading energy_loading metal_loading metal_sn_loading tdep10 tdep40 tdep100
[from data line 64]
LGR2 cool H 150.0 110.0 0.015 50.0 500.0 2.0 364.3790276028387 42.98096722495161 5.051024735147857 0.30314654814498426 74.45042500959732 0.41585744827913435 0.48709829050521514 0.5539827874143797 13.61581821617335 889956.3115726626 751874.1061435672 0.4715254211425781 620.7773152813829 4.93743896484375e+48 0.0098748779296875 0.5475478260055051 26.19259179048831 24.98735825550266 2.787287950499312e+46 0.018307677288807823 0.001460740022753675 43.54831285913816 68.39048204148638 0.034911512436367774 1.0774205144680042 0.014904800677356082 0.08426880752467553 1.1612265244972648 0.042193216707050354 0.04025172576445792 0.005645209936458462 1.853964921811159 0.14792486885960943 179.02871601237806 152.84476759788635 134.39122424196972
LGR2 int H 150.0 110.0 0.015 50.0 500.0 2.0 364.3790276028387 42.98096722495161 5.051024735147857 0.30314654814498426 74.45042500959732 0.41585744827913435 0.48709829050521514 0.5539827874143797 13.61581821617335 889956.3115726626 751874.1061435672 0.4715254211425781 620.7773152813829 4.93743896484375e+48 0.0098748779296875 0.025508396475968146 3.5788907809041626 3.1336887273668843 8.845440520352908e+45 0.0009695201356496219 0.0001933939384711908 114.16576256569697 178.02582422893767 0.03852188801961333 1.1921303829836138 0.036355309585759915 0.18999228695912135 0.054097606050925964 0.005765176485680603 0.005048007796397105 0.001791503770139836 0.09818046790582488 0.01958443839490692 179.02871601237806 152.84476759788635 134.39122424196972
LGR2 hot H 150.0 110.0 0.015 50.0 500.0 2.0 364.3790276028387 42.98096722495161 5.051024735147857 0.30314654814498426 74.45042500959732 0.41585744827913435 0.48709829050521514 0.5539827874143797 13.61581821617335 889956.3115726626 751874.1061435672 0.4715254211425781 620.7773152813829 4.93743896484375e+48 0.0098748779296875 0.054568952664329616 47.876698709148144 25.181055370060996 6.7735863101403146e+47 0.003250530752145532 0.001796676942013028 422.5487111996381 1018.1203794180925 0.057167614500320735 1.7826633321676937 0.1474001950850729 0.5054941675127297 0.11572854870072691 0.07712378904736045 0.040563749270778444 0.13718825403960555 0.3291717401764781 0.18194421792410811 179.02871601237806 152.84476759788635 134.39122424196972
LGR2 whole H 150.0 110.0 0.015 50.0 500.0 2.0 364.3790276028387 42.98096722495161 5.051024735147857 0.30314654814498426 74.45042500959732 0.41585744827913435 0.48709829050521514 0.5539827874143797 13.61581821617335 889956.3115726626 751874.1061435672 0.4715254211425781 620.7773152813829 4.93743896484375e+48 0.0098748779296875 0.6276251751458028 77.64818127449878 53.30210235293054 7.1407695103937745e+47 0.022527728176602976 0.0034439781494450925 91.58409466149054 343.0102458910843 0.03753530575220681 1.1584287147750112 0.030566009578046845 0.15997227944897952 1.3310526792489177 0.12508218223035872 0.08586348283163348 0.14462496774620384 2.281317129893462 0.34876159219054575 179.02871601237806 152.84476759788635 134.39122424196972
LGR2 cool 2H 150.0 110.0 0.015 50.0 500.0 2.0 364.3790276028387 42.98096722495161 5.051024735147857 0.30314654814498426 74.45042500959732 0.41585744827913435 0.48709829050521514 0.5539827874143797 13.61581821617335 889956.3115726626 751874.1061435672 0.4715254211425781 620.7773152813829 4.93743896484375e+48 0.0098748779296875 0.2672636718529132 19.311569092957274 18.92673625454524 2.446211901947052e+46 0.009564696923230209 0.001255264437738851 67.24608925508596 92.57204980396236 0.03666998036229747 1.1322232562602033 0.025381394818540765 0.1380472237620584 0.5668064962548414 0.03110869005289573 0.03048876914254868 0.004954414463378515 0.968588876878693 0.1271169574628428 179.02871601237806 152.84476759788635 134.39122424196972
LGR2 int 2H 150.0 110.0 0.015 50.0 500.0 2.0 364.3790276028387 42.98096722495161 5.051024735147857 0.30314654814498426 74.45042500959732 0.41585744827913435 0.48709829050521514 0.5539827874143797 13.61581821617335 889956.3115726626 751874.1061435672 0.4715254211425781 620.7773152813829 4.93743896484375e+48 0.0098748779296875 0.0162209735728613 2.671706492009417 2.4435190331828216 6.928062112135133e+45 0.0006418590844432784 0.0001436175110593139 135.13736156873392 194.3730204638213 0.03959379918012638 1.2257689178167195 0.04275709282701731 0.21704130025620316 0.03440105844888575 0.004303808187318184 0.003936224750859711 0.0014031691655259535 0.06499919178885391 0.014543725206723524 179.02871601237806 152.84476759788635 134.39122424196972
LGR2 hot 2H 150.0 110.0 0.015 50.0 500.0 2.0 364.3790276028387 42.98096722495161 5.051024735147857 0.30314654814498426 74.45042500959732 0.41585744827913435 0.48709829050521514 0.5539827874143797 13.61581821617335 889956.3115726626 751874.1061435672 0.4715254211425781 620.7773152813829 4.93743896484375e+48 0.0098748779296875 0.02982989154674987 21.025014599653144 12.668677226858573 2.4592571871164175e+47 0.0016194652057509432 0.0007798637056507663 366.94973182781837 796.9436073792187 0.05168177582056646 1.6091944497606214 0.11473384786482871 0.4375624620311082 0.06326253094577061 0.03386885132895526 0.0204077644511159 0.04980835620707755 0.16399850380754963 0.07897451606021483 179.02871601237806 152.84476759788635 134.39122424196972
LGR2 whole 2H 150.0 110.0 0.015 50.0 500.0 2.0 364.3790276028387 42.98096722495161 5.051024735147857 0.30314654814498426 74.45042500959732 0.41585744827913435 0.48709829050521514 0.5539827874143797 13.61581821617335 889956.3115726626 751874.1061435672 0.4715254211425781 620.7773152813829 4.93743896484375e+48 0.0098748779296875 0.31331453697252437 43.00829017778192 34.038932514586634 2.7731589984324743e+47 0.01182602121342443 0.002178745654448932 120.5111730420694 307.2263200796632 0.038938378894454215 1.2029032450222712 0.0389500197591709 0.1978466580802525 0.6644700856494977 0.0692813495581541 0.054832758344524286 0.056165939835982025 1.1975865724750965 0.2206351987297812 179.02871601237806 152.84476759788635 134.39122424196972
LGR2 cool 500 150.0 110.0 0.015 50.0 500.0 2.0 364.3790276028387 42.98096722495161 5.051024735147857 0.30314654814498426 74.45042500959732 0.41585744827913435 0.48709829050521514 0.5539827874143797 13.61581821617335 889956.3115726626 751874.1061435672 0.4715254211425781 620.7773152813829 4.93743896484375e+48 0.0098748779296875 0.378574609824125 22.29049755142449 21.65554936155232 2.5554466369929905e+46 0.013202701466908636 0.0012788846778960712 57.83710376236176 82.29049188508489 0.03591315290668512 1.1084662378207248 0.02086369351775496 0.11516174146129665 0.8028721100694441 0.03590739706930296 0.034884569439745716 0.005175652104640973 1.3369989544089937 0.12950891008498197 179.02871601237806 152.84476759788635 134.39122424196972
LGR2 int 500 150.0 110.0 0.015 50.0 500.0 2.0 364.3790276028387 42.98096722495161 5.051024735147857 0.30314654814498426 74.45042500959732 0.41585744827913435 0.48709829050521514 0.5539827874143797 13.61581821617335 889956.3115726626 751874.1061435672 0.4715254211425781 620.7773152813829 4.93743896484375e+48 0.0098748779296875 0.02086096380761984 3.1304799940315773 2.79741136764989 7.819756515239775e+45 0.0008108299766256508 0.00016575024661177938 125.62475413709076 185.70727599044722 0.03895495346816057 1.2059633657284619 0.03893759555260168 0.20138891674424317 0.04424144038103086 0.005042838900472077 0.0045063041106485876 0.0015837677328102908 0.08211037973320146 0.016785042589080867 179.02871601237806 152.84476759788635 134.39122424196972
LGR2 hot 500 150.0 110.0 0.015 50.0 500.0 2.0 364.3790276028387 42.98096722495161 5.051024735147857 0.30314654814498426 74.45042500959732 0.41585744827913435 0.48709829050521514 0.5539827874143797 13.61581821617335 889956.3115726626 751874.1061435672 0.4715254211425781 620.7773152813829 4.93743896484375e+48 0.0098748779296875 0.04136406742883348 34.21527650372057 19.90105642102439 4.801116325542694e+47 0.0024425764801941324 0.0013089962400394568 413.5434206954581 922.4292360554832 0.05470873746380703 1.7001007146736993 0.1329208963388758 0.47303408869369695 0.0877239393129686 0.055116827985590346 0.032058285525468556 0.09723900102316768 0.24735257464305993 0.13255821989496547 179.02871601237806 152.84476759788635 134.39122424196972
LGR2 whole 500 150.0 110.0 0.015 50.0 500.0 2.0 364.3790276028387 42.98096722495161 5.051024735147857 0.30314654814498426 74.45042500959732 0.41585744827913435 0.48709829050521514 0.5539827874143797 13.61581821617335 889956.3115726626 751874.1061435672 0.4715254211425781 620.7773152813829 4.93743896484375e+48 0.0098748779296875 0.44079964106057834 59.636254030717815 44.35401715022661 5.134858554394391e+47 0.016456107923728418 0.0027536311645473075 113.02938824222997 337.9838960340467 0.0384584637447103 1.1876632166802288 0.03608602839463187 0.18489384330069406 0.9348374897634437 0.09606706392563037 0.07144915907586287 0.10399842086061896 1.666461908785255 0.2788521725690283 179.02871601237806 152.84476759788635 134.39122424196972
LGR2 cool 1000 150.0 110.0 0.015 50.0 500.0 2.0 364.3790276028387 42.98096722495161 5.051024735147857 0.30314654814498426 74.45042500959732 0.41585744827913435 0.48709829050521514 0.5539827874143797 13.61581821617335 889956.3115726626 751874.1061435672 0.4715254211425781 620.7773152813829 4.93743896484375e+48 0.0098748779296875 0.1684066815663524 14.062204160909634 13.853019270593794 1.9663008749808762e+46 0.006292258509632045 0.0008881733132730155 79.95818413609585 103.5840741160938 0.03722892910898615 1.1500178822855653 0.028847534325940814 0.15445893848826586 0.35715292116865577 0.02265257414333123 0.02231560163295362 0.003982430747967943 0.6371986119155166 0.08994271317550583 179.02871601237806 152.84476759788635 134.39122424196972
LGR2 int 1000 150.0 110.0 0.015 50.0 500.0 2.0 364.3790276028387 42.98096722495161 5.051024735147857 0.30314654814498426 74.45042500959732 0.41585744827913435 0.48709829050521514 0.5539827874143797 13.61581821617335 889956.3115726626 751874.1061435672 0.4715254211425781 620.7773152813829 4.93743896484375e+48 0.0098748779296875 0.013075910766198903 2.2821313517887294 2.1141446512915176 5.978767507570661e+45 0.000529031338903278 0.00012043468881510136 138.9215495345305 194.5931740552959 0.039757825183209555 1.2309483735713784 0.043704247983955696 0.22125179590660402 0.027731083373010883 0.0036762479807341156 0.003405640958921362 0.0012109045904448693 0.05357345606397989 0.01219606861701354 179.02871601237806 152.84476759788635 134.39122424196972
LGR2 hot 1000 150.0 110.0 0.015 50.0 500.0 2.0 364.3790276028387 42.98096722495161 5.051024735147857 0.30314654814498426 74.45042500959732 0.41585744827913435 0.48709829050521514 0.5539827874143797 13.61581821617335 889956.3115726626 751874.1061435672 0.4715254211425781 620.7773152813829 4.93743896484375e+48 0.0098748779296875 0.025298408892569242 16.72928099471219 10.519354805183076 1.8494506553348114e+47 0.0013432858265794243 0.0006192268669297554 328.5086259245588 703.5215528615329 0.04931337924685255 1.5299729366903718 0.10078613501197742 0.3997846897079346 0.0536522693331514 0.02694892449014382 0.016945456198596616 0.03745769149762723 0.13603062601321025 0.06270729332948335 179.02871601237806 152.84476759788635 134.39122424196972
LGR2 whole 1000 150.0 110.0 0.015 50.0 500.0 2.0 364.3790276028387 42.98096722495161 5.051024735147857 0.30314654814498426 74.45042500959732 0.41585744827913435 0.48709829050521514 0.5539827874143797 13.61581821617335 889956.3115726626 751874.1061435672 0.4715254211425781 620.7773152813829 4.93743896484375e+48 0.0098748779296875 0.20678100122512058 33.0736165155391 26.486518727068386 2.1058684179086055e+47 0.008164575675114747 0.001620905043699298 134.43807270025457 306.90642844826937 0.03945699550441323 1.2191051572620006 0.04203577618524528 0.21079292796690274 0.4385362738748181 0.05327774662730331 0.042666698790471594 0.042651026836040044 0.8268026939927068 0.16414431198448173 179.02871601237806 152.84476759788635 134.39122424196972
LGR4 cool H 60.0 50.0 0.005 30.0 500.0 4.0 423.7733508923098 29.980940898154675 1.5166467548800624 0.10849120194503782 37.76570596092212 0.09290553925210097 0.0896817396537242 0.08829338141524044 4.450988609687131 200331.71949563155 149542.53748440067 0.08933671188354492 117.61445231255979 9.354629516601562e+47 0.0018709259033203125 0.448893115712796 13.785451771382057 12.764208712162699 8.276732439946805e+45 0.011688230728223416 0.0002056237173655103 29.609440502934213 44.97136003471337 0.027674033569884404 1.0260528272985694 0.004612288828816306 0.03211425664503935 5.024732903735607 0.1172088251089015 0.1085258525733035 0.00884773942704858 6.247297505198061 0.1099047893882874 406.4957403502514 421.1080885221637 427.7297500172911
LGR4 int H 60.0 50.0 0.005 30.0 500.0 4.0 423.7733508923098 29.980940898154675 1.5166467548800624 0.10849120194503782 37.76570596092212 0.09290553925210097 0.0896817396537242 0.08829338141524044 4.450988609687131 200331.71949563155 149542.53748440067 0.08933671188354492 117.61445231255979 9.354629516601562e+47 0.0018709259033203125 0.010109475563693389 1.2046435069696777 1.011276581253489 2.48841194479892e+45 0.00030320221757314497 3.7359826025956876e-05 91.7735805144021 152.61520847563068 0.030116130428825005 1.1178741693382472 0.01819365829730821 0.12105884286480528 0.11316149151394356 0.010242308519775646 0.008598233987146637 0.0026600860465748662 0.1620599816567055 0.019968629414801937 406.4957403502514 421.1080885221637 427.7297500172911
LGR4 hot H 60.0 50.0 0.005 30.0 500.0 4.0 423.7733508923098 29.980940898154675 1.5166467548800624 0.10849120194503782 37.76570596092212 0.09290553925210097 0.0896817396537242 0.08829338141524044 4.450988609687131 200331.71949563155 149542.53748440067 0.08933671188354492 117.61445231255979 9.354629516601562e+47 0.0018709259033203125 0.015118639887916833 10.039010532158464 5.3935772781322 1.0574417913670977e+47 0.0006520082241156868 0.0002821138737239595 312.78642965336456 739.9855178614197 0.0408167608292779 1.5193772000332604 0.07999382874607337 0.38425027776903353 0.16923210591883853 0.08535524618590108 0.04585811668619428 0.11303940893548664 0.3484949473191721 0.15078837340553947 406.4957403502514 421.1080885221637 427.7297500172911
LGR4 whole H 60.0 50.0 0.005 30.0 500.0 4.0 423.7733508923098 29.980940898154675 1.5166467548800624 0.10849120194503782 37.76570596092212 0.09290553925210097 0.0896817396537242 0.08829338141524044 4.450988609687131 200331.71949563155 149542.53748440067 0.08933671188354492 117.61445231255979 9.354629516601562e+47 0.0018709259033203125 0.47412123116440613 25.029105809787072 19.16906257154839 1.1650932352145551e+47 0.01264344116991225 0.00048372905594081536 47.061426676893724 168.49817677757417 0.028404048319527343 1.0527105857026617 0.008498682099352698 0.05750862215546054 5.307126501168389 0.21280637980842995 0.16298220324664445 0.12454723440911011 6.757852434173939 0.2585506219580083 406.4957403502514 421.1080885221637 427.7297500172911
