data/twind/tables/table-mean-err.ecsv
# %ECSV 0.9
# ---
# datatype:
# - {name: model, datatype: string}
# - {name: phase, datatype: string}
# - {name: z, datatype: string}
# - {name: Sigma_gas0, unit: solMass / pc2, datatype: float64}
# - {name: Sigma_star, unit: solMass / pc2, datatype: float64}
# - {name: rho_dm, unit: solMass / pc3, datatype: float64}
# - {name: Omega_0, unit: km / (kpc s), datatype: float64}
# - {name: z_star, unit: pc, datatype: float64}
# - {name: R_0, unit: kpc, datatype: float64}
# - {name: H, unit: pc, datatype: float64}
# - {name: sigma_eff, unit: km / s, datatype: float64}
# - {name: ngas, unit: 1 / cm3, datatype: float64}
# - {name: rho_tot, unit: solMass / pc3, datatype: float64}
# - {name: surf, unit: solMass / pc2, datatype: float64}
# - {name: sfr10, unit: solMass / (kpc2 yr), datatype: float64}
# - {name: sfr40, unit: solMass / (kpc2 yr), datatype: float64}
# - {name: sfr100, unit: solMass / (kpc2 yr), datatype: float64}
# - {name: nmid_2p, unit: 1 / cm3, datatype: float64}
# - {name: Pmid_2p, unit: K / cm3, datatype: float64}
# - {name: W_2p, unit: K / cm3, datatype: float64}
# - {name: mass_norm, unit: solMass / (kpc2 yr), datatype: float64}
# - {name: mom_norm, unit: km solMass / (kpc2 s yr), datatype: float64}
# - {name: energy_norm, unit: erg / (kpc2 yr), datatype: float64}
# - {name: metal_norm, unit: solMass / (kpc2 yr), datatype: float64}
# - {name: mass, unit: solMass / (kpc2 yr), datatype: float64}
# - {name: mom, unit: km solMass / (kpc2 s yr), datatype: float64}
# - {name: mom_kin, unit: km solMass / (kpc2 s yr), datatype: float64}
# - {name: energy, unit: erg / (kpc2 yr), datatype: float64}
# - {name: metal, unit: solMass / (kpc2 yr), datatype: float64}
# - {name: metal_sn, unit: solMass / (kpc2 yr), datatype: float64}
# - {name: vout_flux, unit: km / s, datatype: float64}
# - {name: vB, unit: km / s, datatype: float64}
# - {name: Z, datatype: float64}
# - {name: enrichment, datatype: float64}
# - {name: fmass_sn, datatype: float64}
# - {name: fmetal_sn, datatype: float64}
# - {name: mass_loading, datatype: float64}
# - {name: mom_loading, datatype: float64}
# - {name: mom_kin_loading, datatype: float64}
# - {name: energy_loading, datatype: float64}
# - {name: metal_loading, datatype: float64}
# - {name: metal_sn_loading, datatype: float64}
# - {name: tdep10, unit: Myr, datatype: float64}
# - {name: tdep40, unit: Myr, datatype: float64}
# - {name: tdep100, unit: Myr, datatype: float64}
# meta: !!omap
# - __serialized_columns__:
#     H:
#       __class__: astropy.units.quantity.Quantity
#       unit: &id005 !astropy.units.Unit {unit: pc}
#       value: !astropy.table.SerializedColumn {name: H}
#     Omega_0:
#       __class__: astropy.units.quantity.Quantity
#       unit: !astropy.units.Unit {unit: km / (kpc s)}
#       value: !astropy.table.SerializedColumn {name: Omega_0}
#     Pmid_2p:
#       __class__: astropy.units.quantity.Quantity
#       unit: !astropy.units.Unit {unit: K / cm3}
#       value: !astropy.table.SerializedColumn {name: Pmid_2p}
#     R_0:
#       __class__: astropy.units.quantity.Quantity
#       unit: !astropy.units.Unit {unit: kpc}
#       value: !astropy.table.SerializedColumn {name: R_0}
#     Sigma_gas0:
#       __class__: astropy.units.quantity.Quantity
#       unit: !astropy.units.Unit {unit: solMass / pc2}
[...]
#       unit: !astropy.units.Unit {unit: km / s}
#       value: !astropy.table.SerializedColumn {name: sigma_eff}
#     surf:
#       __class__: astropy.units.quantity.Quantity
#       unit: !astropy.units.Unit {unit: solMass / pc2}
#       value: !astropy.table.SerializedColumn {name: surf}
#     tdep10:
#       __class__: astropy.units.quantity.Quantity
#       unit: &id004 !astropy.units.Unit {unit: Myr}
#       value: !astropy.table.SerializedColumn {name: tdep10}
#     tdep100:
#       __class__: astropy.units.quantity.Quantity
#       unit: *id004
#       value: !astropy.table.SerializedColumn {name: tdep100}
#     tdep40:
#       __class__: astropy.units.quantity.Quantity
#       unit: *id004
#       value: !astropy.table.SerializedColumn {name: tdep40}
#     vB:
#       __class__: astropy.units.quantity.Quantity
#       unit: !astropy.units.Unit {unit: km / s}
#       value: !astropy.table.SerializedColumn {name: vB}
#     vout_flux:
#       __class__: astropy.units.quantity.Quantity
#       unit: !astropy.units.Unit {unit: km / s}
#       value: !astropy.table.SerializedColumn {name: vout_flux}
#     z_star:
#       __class__: astropy.units.quantity.Quantity
#       unit: *id005
#       value: !astropy.table.SerializedColumn {name: z_star}
# schema: astropy-2.0
model phase z Sigma_gas0 Sigma_star rho_dm Omega_0 z_star R_0 H sigma_eff ngas rho_tot surf sfr10 sfr40 sfr100 nmid_2p Pmid_2p W_2p mass_norm mom_norm energy_norm metal_norm mass mom mom_kin energy metal metal_sn vout_flux vB Z enrichment fmass_sn fmetal_sn mass_loading mom_loading mom_kin_loading energy_loading metal_loading metal_sn_loading tdep10 tdep40 tdep100
[from data line 85]
LGR4 int 2H 0.0 0.0 0.0 0.0 0.0 0.0 64.45432370818737 2.19382495899932 0.5288716286925851 0.018652978356607047 1.8765355080802335 0.02946888878075635 0.012916072926371959 0.007176468973943255 0.7900719442516928 43609.272321875564 12760.386406873007 0.01591278294687291 20.94965453289564 1.6662599944369542e+47 0.00033325199888739084 0.0016435204537112657 0.23120040424518887 0.21002511961342926 5.284862548967557e+44 4.7167526156925515e-05 7.0599532264508796e-06 10.268235683546674 8.800804036378965 0.000759003996050324 0.015261937368056335 0.002286979133563404 0.012255815437691978 0.02157427389816936 0.0022397362115372326 0.0020034679413244174 0.0006328135813035718 0.029929179273764716 0.004337700722629907 130.50964357433298 64.15660747283108 40.747610030478455
LGR4 hot 2H 0.0 0.0 0.0 0.0 0.0 0.0 64.45432370818737 2.19382495899932 0.5288716286925851 0.018652978356607047 1.8765355080802335 0.02946888878075635 0.012916072926371959 0.007176468973943255 0.7900719442516928 43609.272321875564 12760.386406873007 0.01591278294687291 20.94965453289564 1.6662599944369542e+47 0.00033325199888739084 0.0019526063661472412 1.1684123151951957 0.6918222292342056 1.1143474884593482e+46 7.676589782742983e-05 3.0490356530876106e-05 37.076895045416826 55.74725795574896 0.0011227829706291015 0.04202803629092661 0.006538440110049901 0.023609818812608013 0.026054576189862573 0.01147350115416855 0.006737540431356378 0.013349316781233423 0.048644900703387145 0.018764143963654393 130.50964357433298 64.15660747283108 40.747610030478455
LGR4 whole 2H 0.0 0.0 0.0 0.0 0.0 0.0 64.45432370818737 2.19382495899932 0.5288716286925851 0.018652978356607047 1.8765355080802335 0.02946888878075635 0.012916072926371959 0.007176468973943255 0.7900719442516928 43609.272321875564 12760.386406873007 0.01591278294687291 20.94965453289564 1.6662599944369542e+47 0.00033325199888739084 0.039037353836293545 3.041017056718194 2.7167685822869667 1.2589757325851818e+46 0.0010403263227541338 9.942154812928733e-05 8.635585831847383 31.855369789648588 0.000714797920595281 0.017635756547086448 0.0025051143468427647 0.015371589175142414 0.49846334443211443 0.02970676777897377 0.025893554449642246 0.015225561393746458 0.6458889972429377 0.06105230051430134 130.50964357433298 64.15660747283108 40.747610030478455
LGR4 cool 500 0.0 0.0 0.0 0.0 0.0 0.0 64.45432370818737 2.19382495899932 0.5288716286925851 0.018652978356607047 1.8765355080802335 0.02946888878075635 0.012916072926371959 0.007176468973943255 0.7900719442516928 43609.272321875564 12760.386406873007 0.01591278294687291 20.94965453289564 1.6662599944369542e+47 0.00033325199888739084 0.10361681125381147 3.735287418900283 3.5947094481912005 2.4761760636526944e+45 0.0027012844342704937 8.317116827375987e-05 3.6358157298141203 4.16983965819966 0.0006251617725974761 0.012592724150220863 0.0015864439794063237 0.011559816102178978 1.2660963722682728 0.034953707685810395 0.033575233825640545 0.0029336201119451984 1.590954412435384 0.04935628733192973 130.50964357433298 64.15660747283108 40.747610030478455
LGR4 int 500 0.0 0.0 0.0 0.0 0.0 0.0 64.45432370818737 2.19382495899932 0.5288716286925851 0.018652978356607047 1.8765355080802335 0.02946888878075635 0.012916072926371959 0.007176468973943255 0.7900719442516928 43609.272321875564 12760.386406873007 0.01591278294687291 20.94965453289564 1.6662599944369542e+47 0.00033325199888739084 0.0020429991952004693 0.2645257532186484 0.23698299111522012 5.665815565597726e+44 6.268550502837689e-05 8.153005924856054e-06 6.289183878669854 5.090014077597429 0.0006503242932737272 0.00984113328925148 0.0012950581284188896 0.008905913807227982 0.0294872528321638 0.002811641404306896 0.0024628715556686285 0.0007411195775892708 0.04306346307792943 0.005429258530224836 130.50964357433298 64.15660747283108 40.747610030478455
LGR4 hot 500 0.0 0.0 0.0 0.0 0.0 0.0 64.45432370818737 2.19382495899932 0.5288716286925851 0.018652978356607047 1.8765355080802335 0.02946888878075635 0.012916072926371959 0.007176468973943255 0.7900719442516928 43609.272321875564 12760.386406873007 0.01591278294687291 20.94965453289564 1.6662599944369542e+47 0.00033325199888739084 0.0032424228951908915 2.5033938619008675 1.3310217868194205 3.062922473947166e+46 0.00014987327066904622 7.384651015324274e-05 27.409999444534815 49.83173850195799 0.0016184116024622606 0.05307704663173606 0.008040381536247424 0.025439367849911472 0.04711963149373996 0.025747922547686212 0.013692283382952253 0.03754088084735185 0.10040515397747704 0.04659512043875747 130.50964357433298 64.15660747283108 40.747610030478455
LGR4 whole 500 0.0 0.0 0.0 0.0 0.0 0.0 64.45432370818737 2.19382495899932 0.5288716286925851 0.018652978356607047 1.8765355080802335 0.02946888878075635 0.012916072926371959 0.007176468973943255 0.7900719442516928 43609.272321875564 12760.386406873007 0.01591278294687291 20.94965453289564 1.6662599944369542e+47 0.00033325199888739084 0.1070573906362421 5.762873253303417 4.6774608511862805 3.242726830873684e+46 0.0028472886075332814 0.00013565188101946683 8.88785720772631 26.46962348575864 0.0006589825986951962 0.021909564710782124 0.002967751133345313 0.01908492404735822 1.3212125958552328 0.057861173029387133 0.04595260992197786 0.04004848093577879 1.6992046376810586 0.08654024173263518 130.50964357433298 64.15660747283108 40.747610030478455
LGR4 cool 1000 0.0 0.0 0.0 0.0 0.0 0.0 64.45432370818737 2.19382495899932 0.5288716286925851 0.018652978356607047 1.8765355080802335 0.02946888878075635 0.012916072926371959 0.007176468973943255 0.7900719442516928 43609.272321875564 12760.386406873007 0.01591278294687291 20.94965453289564 1.6662599944369542e+47 0.00033325199888739084 0.036263357408826975 1.747003567433482 1.6940939479418289 1.4666351387567208e+45 0.001004442475726488 6.188943119199977e-05 8.29594607294581 8.254575399309488 0.0007145754620469412 0.01580495397440635 0.0022458229068159246 0.014380543792272878 0.44585294887149246 0.016339157198161914 0.015816141201750372 0.0017155370735673094 0.5933072179643519 0.03643942536880951 130.50964357433298 64.15660747283108 40.747610030478455
LGR4 int 1000 0.0 0.0 0.0 0.0 0.0 0.0 64.45432370818737 2.19382495899932 0.5288716286925851 0.018652978356607047 1.8765355080802335 0.02946888878075635 0.012916072926371959 0.007176468973943255 0.7900719442516928 43609.272321875564 12760.386406873007 0.01591278294687291 20.94965453289564 1.6662599944369542e+47 0.00033325199888739084 0.0012838346863659645 0.17367990747598527 0.1560857580516174 3.665022943744537e+44 3.9134183019530136e-05 5.850143863599698e-06 10.920952784159523 9.424771387958307 0.0007441864446712756 0.01710160893027544 0.002479966779970385 0.01335358471848395 0.01718094556754732 0.0017341004278720292 0.0015400800495390448 0.0004541889035026733 0.02512121027527744 0.0036864495249141504 130.50964357433298 64.15660747283108 40.747610030478455
LGR4 hot 1000 0.0 0.0 0.0 0.0 0.0 0.0 64.45432370818737 2.19382495899932 0.5288716286925851 0.018652978356607047 1.8765355080802335 0.02946888878075635 0.012916072926371959 0.007176468973943255 0.7900719442516928 43609.272321875564 12760.386406873007 0.01591278294687291 20.94965453289564 1.6662599944369542e+47 0.00033325199888739084 0.0016004303486911327 0.7686027212530018 0.4900412019752452 6.577315158667343e+45 5.984037555429819e-05 2.04652630592931e-05 32.344925251128544 45.09790058174532 0.0012478381166317128 0.03772739198979354 0.005751199942238038 0.021622746576405862 0.02234282821031155 0.008083370102387369 0.005046665040244259 0.008339888578435683 0.039892698732944 0.01333252205856674 130.50964357433298 64.15660747283108 40.747610030478455
LGR4 whole 1000 0.0 0.0 0.0 0.0 0.0 0.0 64.45432370818737 2.19382495899932 0.5288716286925851 0.018652978356607047 1.8765355080802335 0.02946888878075635 0.012916072926371959 0.007176468973943255 0.7900719442516928 43609.272321875564 12760.386406873007 0.01591278294687291 20.94965453289564 1.6662599944369542e+47 0.00033325199888739084 0.03766995382058187 2.364936486799554 2.1137994148710604 7.788953793653269e+45 0.001054018327387172 7.92756966822913e-05 16.035777839598772 35.165684597496885 0.000797915706335935 0.027335786226599983 0.0038774662453692123 0.023320090202651557 0.4698210000424221 0.023662462006609472 0.020646365501225304 0.009930325107394907 0.6337689039854155 0.04880306840676241 130.50964357433298 64.15660747283108 40.747610030478455
LGR8 cool H 0.0 0.0 0.0 0.0 0.0 0.0 71.0777590178156 1.687558263467972 0.07396228107937924 0.0026086043442895136 0.18308586929696669 0.0011131824935133917 0.0007438461735285253 0.00034338835806432653 0.09922933382800506 1567.217303537474 434.87073310453104 0.0008223549904380574 1.0826549328673876 8.611047020293794e+45 1.7222094040587592e-05 0.01719849568173765 0.39218969946038146 0.3472069496219592 1.771832385239278e+44 0.00037203340723219064 3.672829835097414e-06 2.13635195789949 2.482923860997836 0.00019441092468745478 0.0028378898864870766 0.0003442850643163136 0.0030450862709067417 6.268433281574478 0.10689874495859607 0.09333430569726851 0.005968794083220641 6.490324776410725 0.06264697293572802 1007.2891643641216 760.3218958639492 395.77752396749304
LGR8 int H 0.0 0.0 0.0 0.0 0.0 0.0 71.0777590178156 1.687558263467972 0.07396228107937924 0.0026086043442895136 0.18308586929696669 0.0011131824935133917 0.0007438461735285253 0.00034338835806432653 0.09922933382800506 1567.217303537474 434.87073310453104 0.0008223549904380574 1.0826549328673876 8.611047020293794e+45 1.7222094040587592e-05 0.0003451737880501441 0.03530898071003574 0.028662003598369866 6.908845150644064e+43 8.09373559182268e-06 6.828980482038759e-07 8.931902800088597 8.818072829508893 0.0008259239500757904 0.03626834459323987 0.004382766276083157 0.025549988414083884 0.12321427035065928 0.009503872814482098 0.007609220333606138 0.002306697448775307 0.13804638092233054 0.011644022432281917 1007.2891643641216 760.3218958639492 395.77752396749304
LGR8 hot H 0.0 0.0 0.0 0.0 0.0 0.0 71.0777590178156 1.687558263467972 0.07396228107937924 0.0026086043442895136 0.18308586929696669 0.0011131824935133917 0.0007438461735285253 0.00034338835806432653 0.09922933382800506 1567.217303537474 434.87073310453104 0.0008223549904380574 1.0826549328673876 8.611047020293794e+45 1.7222094040587592e-05 0.0004425873692211287 0.22193595662863586 0.13059235792514143 1.8168931590329225e+45 1.3671622023309574e-05 4.550457173407629e-06 33.52720000183781 54.289041723866376 0.001021831964776814 0.04687737848401394 0.006535168659551945 0.02503279783084723 0.15591322045106054 0.05912233405592761 0.034245628577383905 0.05992561203474224 0.22924036850573343 0.0755603491058505 1007.2891643641216 760.3218958639492 395.77752396749304
LGR8 whole H 0.0 0.0 0.0 0.0 0.0 0.0 71.0777590178156 1.687558263467972 0.07396228107937924 0.0026086043442895136 0.18308586929696669 0.0011131824935133917 0.0007438461735285253 0.00034338835806432653 0.09922933382800506 1567.217303537474 434.87073310453104 0.0008223549904380574 1.0826549328673876 8.611047020293794e+45 1.7222094040587592e-05 0.01791382961188328 0.6339278157579813 0.49193996268731577 2.041279329847424e+45 0.0003919055018400784 8.497575530043472e-06 3.464806561538012 14.972573444905775 0.0004555389535615744 0.01805474130618872 0.002231302997460172 0.013823464792472817 6.527728629353557 0.17225622754636857 0.13209252262005122 0.0676048418641215 6.832694267907749 0.14439266469627002 1007.2891643641216 760.3218958639492 395.77752396749304
LGR8 cool 2H 0.0 0.0 0.0 0.0 0.0 0.0 71.0777590178156 1.687558263467972 0.07396228107937924 0.0026086043442895136 0.18308586929696669 0.0011131824935133917 0.0007438461735285253 0.00034338835806432653 0.09922933382800506 1567.217303537474 434.87073310453104 0.0008223549904380574 1.0826549328673876 8.611047020293794e+45 1.7222094040587592e-05 0.005438934125411236 0.22012183334655727 0.21256086005635552 1.3518800606980493e+44 0.00012225380775348846 4.098782248027145e-06 4.821245829950692 4.587732403341068 0.00022802127138579523 0.003713535439241361 0.00047208226278921636 0.0038582218399159703 1.9809745901425913 0.05931338267186501 0.056935274042324964 0.004508526982135589 2.1249717507014756 0.07026752185221283 1007.2891643641216 760.3218958639492 395.77752396749304
LGR8 int 2H 0.0 0.0 0.0 0.0 0.0 0.0 71.0777590178156 1.687558263467972 0.07396228107937924 0.0026086043442895136 0.18308586929696669 0.0011131824935133917 0.0007438461735285253 0.00034338835806432653 0.09922933382800506 1567.217303537474 434.87073310453104 0.0008223549904380574 1.0826549328673876 8.611047020293794e+45 1.7222094040587592e-05 0.0002925116881621135 0.031414091866526335 0.025866232903564466 5.822674335301429e+43 6.946646346202072e-06 6.306096547167839e-07 10.405883293313938 9.862560186338392 0.00047618012744530115 0.01955384696489298 0.0023987463299867855 0.016525538851447565 0.10347032958151386 0.008396888848938425 0.0068174367210363145 0.0019406891305886712 0.11724397189315633 0.010574056097093 1007.2891643641216 760.3218958639492 395.77752396749304
LGR8 hot 2H 0.0 0.0 0.0 0.0 0.0 0.0 71.0777590178156 1.687558263467972 0.07396228107937924 0.0026086043442895136 0.18308586929696669 0.0011131824935133917 0.0007438461735285253 0.00034338835806432653 0.09922933382800506 1567.217303537474 434.87073310453104 0.0008223549904380574 1.0826549328673876 8.611047020293794e+45 1.7222094040587592e-05 0.0002846700959592246 0.12610061467525158 0.080131723071964 9.058228484024452e+44 8.415104247168892e-06 2.4760418228877756e-06 34.97566094383755 52.2654244082568 0.0007211435373736941 0.03599712612979016 0.0045026024169001755 0.02098104128791725 0.09913355906321986 0.03317284682604419 0.02074226320902424 0.029522972085299345 0.13966633907714454 0.04083157388310773 1007.2891643641216 760.3218958639492 395.77752396749304
LGR8 whole 2H 0.0 0.0 0.0 0.0 0.0 0.0 71.0777590178156 1.687558263467972 0.07396228107937924 0.0026086043442895136 0.18308586929696669 0.0011131824935133917 0.0007438461735285253 0.00034338835806432653 0.09922933382800506 1567.217303537474 434.87073310453104 0.0008223549904380574 1.0826549328673876 8.611047020293794e+45 1.7222094040587592e-05 0.005973180126546906 0.37096201874108026 0.31237548409504856 1.0872230884133258e+45 0.00013650202613814424 7.057202112744287e-06 9.307829500329456 28.709498517120725 0.0005483222308069204 0.0225391200161125 0.002778499609744729 0.01989612299780724 2.1715638870782543 0.0994496514139124 0.08313986324700706 0.03563816582125868 2.366921160591032 0.11964183580340702 1007.2891643641216 760.3218958639492 395.77752396749304
LGR8 cool 500 0.0 0.0 0.0 0.0 0.0 0.0 71.0777590178156 1.687558263467972 0.07396228107937924 0.0026086043442895136 0.18308586929696669 0.0011131824935133917 0.0007438461735285253 0.00034338835806432653 0.09922933382800506 1567.217303537474 434.87073310453104 0.0008223549904380574 1.0826549328673876 8.611047020293794e+45 1.7222094040587592e-05 0.01355554398797942 0.32047133020047847 0.29301763055937635 1.4881632679250025e+44 0.0002935873115302202 3.7550182039961604e-06 2.672740830721877 3.0570599061213937 0.00020648790326537674 0.003620202560494596 0.0004282634605121145 0.003793122207530845 4.966911331703371 0.08716515734196094 0.07818041870492715 0.0050200311337712565 5.151430370643048 0.06145448965242847 1007.2891643641216 760.3218958639492 395.77752396749304
