# CIE ionization fractions for C (Z=6)
# Source: CHIANTI v11.0.2 chianti.ioneq (Dere et al. 2009)
# T grid: 101 log-spaced points, 10^4.00 K -> 10^9.00 K
# Generated by pyathena/photchem/data/build_ioneq_tables.py
#
# log_T_K        x_C0           x_C1           x_C2           x_C3           x_C4           x_C5           x_C6         
         4.0000   9.680487e-01   3.195131e-02   8.906710e-12   4.260599e-34   8.404951e-65  3.594896e-262   0.000000e+00
         4.0500   8.688106e-01   1.311894e-01   9.078035e-10   2.116825e-29   1.641095e-56  2.472227e-232   0.000000e+00
         4.1000   6.315148e-01   3.684852e-01   4.519769e-08   2.605972e-25   3.277290e-49  8.006283e-206   0.000000e+00
         4.1500   3.451929e-01   6.548060e-01   1.049760e-06   8.046049e-22   7.459827e-43  2.442872e-182   0.000000e+00
         4.2000   1.629869e-01   8.369999e-01   1.322794e-05   7.641344e-19   2.586234e-37  1.580845e-161   0.000000e+00
         4.2500   7.969432e-02   9.201961e-01   1.095370e-04   2.855944e-16   1.886013e-32  4.769537e-143  5.056418e-282
         4.3000   4.351187e-02   9.558284e-01   6.597577e-04   4.933203e-14   3.637040e-28  1.276335e-126  1.949094e-250
         4.3500   2.644438e-02   9.705286e-01   3.027041e-03   4.381909e-12   2.192790e-24  5.181092e-112  2.597481e-222
         4.4000   1.733548e-02   9.717164e-01   1.094815e-02   2.191409e-10   4.777010e-21   5.124150e-99  2.899841e-197
         4.4500   1.183336e-02   9.558735e-01   3.229312e-02   6.702048e-09   4.286086e-18   1.886991e-87  5.979674e-175
         4.5000   8.131628e-03   9.120583e-01   7.980993e-02   1.340811e-07   1.768566e-15   3.752257e-77  4.578827e-155
         4.5500   5.441443e-03   8.270733e-01   1.674834e-01   1.838062e-06   3.652761e-13   5.535359e-68  2.393300e-137
         4.6000   3.441776e-03   6.971988e-01   2.993417e-01   1.779747e-05   4.027634e-11   7.952212e-60  1.452952e-121
         4.6500   2.023227e-03   5.396803e-01   4.581713e-01   1.252194e-04   2.514322e-09   1.419696e-52  1.647498e-107
         4.7000   1.109366e-03   3.861200e-01   6.121052e-01   6.652689e-04   9.488468e-08   3.966006e-46   5.399000e-95
         4.7500   5.785110e-04   2.608453e-01   7.357764e-01   2.797423e-03   2.324250e-06   2.156271e-40   7.642454e-84
         4.8000   2.931742e-04   1.702407e-01   8.196969e-01   9.729732e-03   3.946115e-05   2.777320e-35   6.699821e-74
         4.8500   1.460972e-04   1.087184e-01   8.617829e-01   2.886450e-02   4.881113e-04   1.001124e-30   4.972085e-65
         4.9000   7.115654e-05   6.757155e-02   8.540674e-01   7.377052e-02   4.519416e-03   1.151414e-26   4.055802e-57
         4.9500   3.260308e-05   3.936354e-02   7.710563e-01   1.585113e-01   3.103629e-02   4.593498e-23   4.439124e-50
         5.0000   1.266176e-05   1.937271e-02   5.733323e-01   2.611465e-01   1.461358e-01   6.382563e-20   7.258234e-44
         5.0500   3.543210e-06   6.849526e-03   2.993922e-01   2.834498e-01   4.103050e-01   2.891637e-17   1.819766e-38
         5.1000   7.023279e-07   1.710696e-03   1.082046e-01   2.011163e-01   6.889677e-01   4.574913e-15   8.133488e-34
         5.1500   1.194317e-07   3.655874e-04   3.284756e-02   1.138940e-01   8.528928e-01   3.303611e-13   9.112720e-30
         5.2000   2.047319e-08   7.856129e-05   9.859757e-03   6.092811e-02   9.291335e-01   1.369301e-11   3.435339e-26
         5.2500   3.774045e-09   1.811009e-05   3.127639e-03   3.306317e-02   9.637911e-01   3.692645e-10   5.234683e-23
         5.3000   7.608629e-10   4.554708e-06   1.067963e-03   1.861722e-02   9.803103e-01   6.954351e-09   3.644556e-20
         5.3500   1.678121e-10   1.250173e-06   3.931073e-04   1.093402e-02   9.886715e-01   9.596883e-08   1.273922e-17
         5.4000   4.029798e-11   3.727090e-07   1.553771e-04   6.693921e-03   9.931493e-01   1.007441e-06   2.418267e-15
         5.4500   1.047456e-11   1.199773e-07   6.561423e-05   4.262885e-03   9.956631e-01   8.300619e-06   2.668272e-13
         5.5000   2.931189e-12   4.147714e-08   2.947656e-05   2.819128e-03   9.970962e-01   5.514147e-05   1.816275e-11
         5.5500   8.803796e-13   1.535145e-08   1.405526e-05   1.936123e-03   9.977476e-01   3.022480e-04   8.036029e-10
         5.6000   2.838213e-13   6.083311e-09   7.118072e-06   1.384544e-03   9.972149e-01   1.393449e-03   2.417705e-08
         5.6500   9.846605e-14   2.587547e-09   3.840564e-06   1.035925e-03   9.934802e-01   5.479549e-03   5.133262e-07
         5.7000   3.680455e-14   1.182753e-09   2.211452e-06   8.135545e-04   9.806840e-01   1.849232e-02   7.900030e-06
         5.7500   1.470174e-14   5.762774e-10   1.348686e-06   6.663676e-04   9.459844e-01   5.325860e-02   8.925765e-05
         5.8000   6.117667e-15   2.917403e-10   8.494127e-07   5.556482e-04   8.702686e-01   1.284365e-01   7.384153e-04
         5.8500   2.549504e-15   1.475347e-10   5.311688e-07   4.538861e-04   7.418950e-01   2.532192e-01   4.431378e-03
         5.9000   1.028390e-15   7.202965e-11   3.188488e-07   3.513531e-04   5.760778e-01   4.042151e-01   1.935540e-02
         5.9500   3.941040e-16   3.332533e-11   1.804272e-07   2.533058e-04   4.076074e-01   5.290986e-01   6.304058e-02
         6.0000   1.416204e-16   1.442134e-11   9.503787e-08   1.680288e-04   2.634574e-01   5.787296e-01   1.576448e-01
         6.0500   4.699280e-17   5.748416e-12   4.590812e-08   1.010824e-04   1.547609e-01   5.357503e-01   3.093877e-01
         6.1000   1.432259e-17   2.099500e-12   2.023763e-08   5.492384e-05   8.279231e-02   4.276608e-01   4.894920e-01
         6.1500   4.077112e-18   7.144756e-13   8.282373e-09   2.745441e-05   4.131364e-02   3.056552e-01   6.530037e-01
         6.2000   1.124949e-18   2.351226e-13   3.267055e-09   1.311021e-05   1.994844e-02   2.050375e-01   7.750010e-01
         6.2500   3.102064e-19   7.715231e-14   1.280978e-09   6.173055e-06   9.621978e-03   1.342804e-01   8.560914e-01
         6.3000   8.713717e-20   2.573205e-14   5.089633e-10   2.924715e-06   4.728809e-03   8.804148e-02   9.072268e-01
         6.3500   2.505240e-20   8.765119e-15   2.059349e-10   1.404029e-06   2.390834e-03   5.856895e-02   9.390388e-01
         6.4000   7.427412e-21   3.072411e-15   8.550653e-11   6.879526e-07   1.247704e-03   3.977170e-02   9.589799e-01
         6.4500   2.272500e-21   1.109193e-15   3.646646e-11   3.446316e-07   6.721484e-04   2.762339e-02   9.717041e-01
         6.5000   7.167273e-22   4.119821e-16   1.595820e-11   1.764542e-07   3.732596e-04   1.962221e-02   9.800043e-01
         6.5500   2.326190e-22   1.571753e-16   7.155142e-12   9.225605e-08   2.132609e-04   1.424057e-02   9.855461e-01
         6.6000   7.728188e-23   6.127144e-17   3.270721e-12   4.908996e-08   1.250934e-04   1.054305e-02   9.893318e-01
         6.6500   2.622941e-23   2.435941e-17   1.521762e-12   2.654016e-08   7.516944e-05   7.949706e-03   9.919751e-01
         6.7000   9.103477e-24   9.887067e-18   7.215652e-13   1.459500e-08   4.617702e-05   6.094932e-03   9.938589e-01
         6.7500   3.225424e-24   4.090169e-18   3.481629e-13   8.153883e-09   2.894274e-05   4.743912e-03   9.952271e-01
         6.8000   1.164823e-24   1.722069e-18   1.707259e-13   4.622898e-09   1.847709e-05   3.742959e-03   9.962386e-01
         6.8500   4.281830e-25   7.369319e-19   8.498145e-14   2.657223e-09   1.199591e-05   2.989607e-03   9.969984e-01
         6.9000   1.600186e-25   3.201663e-19   4.289596e-14   1.547123e-09   7.909104e-06   2.414306e-03   9.975778e-01
         6.9500   6.073232e-26   1.410767e-19   2.193615e-14   9.116712e-10   5.288754e-06   1.969041e-03   9.980257e-01
         7.0000   2.331014e-26   6.278503e-20   1.131774e-14   5.421121e-10   3.582500e-06   1.620131e-03   9.983763e-01
         7.0500   9.053688e-27   2.824104e-20   5.895606e-15   3.252982e-10   2.455489e-06   1.343589e-03   9.986540e-01
         7.1000   3.560417e-27   1.284668e-20   3.102575e-15   1.970626e-10   1.701229e-06   1.122089e-03   9.988762e-01
         7.1500   1.416618e-27   5.905986e-21   1.648305e-15   1.204375e-10   1.190287e-06   9.429519e-04   9.990559e-01
         7.2000   5.698901e-28   2.742313e-21   8.834975e-16   7.421493e-11   8.403140e-07   7.967792e-04   9.992024e-01
         7.2500   2.316556e-28   1.285330e-21   4.775082e-16   4.608380e-11   5.981287e-07   6.765251e-04   9.993229e-01
         7.3000   9.508965e-29   6.077584e-22   2.600952e-16   2.882036e-11   4.289322e-07   5.768480e-04   9.994227e-01
         7.3500   3.938975e-29   2.897357e-22   1.427004e-16   1.814303e-11   3.096825e-07   4.936566e-04   9.995060e-01
         7.4000   1.645605e-29   1.391796e-22   7.881973e-17   1.149092e-11   2.249506e-07   4.237868e-04   9.995760e-01
         7.4500   6.929467e-30   6.732965e-23   4.380694e-17   7.318423e-12   1.642958e-07   3.647686e-04   9.996351e-01
         7.5000   2.939306e-30   3.278304e-23   2.448656e-17   4.684712e-12   1.205803e-07   3.146572e-04   9.996852e-01
         7.5500   1.255149e-30   1.605666e-23   1.375824e-17   3.012533e-12   8.887633e-08   2.719090e-04   9.997280e-01
         7.6000   5.392498e-31   7.906407e-24   7.766467e-18   1.945130e-12   6.575311e-08   2.352892e-04   9.997646e-01
         7.6500   2.329552e-31   3.911835e-24   4.402379e-18   1.260439e-12   4.880212e-08   2.038025e-04   9.997961e-01
         7.7000   1.010903e-31   1.942864e-24   2.503541e-18   8.191210e-13   3.631903e-08   1.766415e-04   9.998233e-01
         7.7500   4.400207e-32   9.672783e-25   1.426354e-18   5.332166e-13   2.708905e-08   1.531465e-04   9.998468e-01
         7.8000   1.922280e-32   4.830325e-25   8.146743e-19   3.478260e-13   2.024045e-08   1.327751e-04   9.998672e-01
         7.8500   8.424255e-33   2.418369e-25   4.662668e-19   2.272692e-13   1.514360e-08   1.150783e-04   9.998849e-01
         7.9000   3.701885e-33   1.213414e-25   2.673020e-19   1.486863e-13   1.134100e-08   9.968237e-05   9.999003e-01
         7.9500   1.630470e-33   6.099172e-26   1.534363e-19   9.736435e-14   8.498329e-09   8.627396e-05   9.999137e-01
         8.0000   7.195155e-34   3.070147e-26   8.815982e-20   6.379561e-14   6.369899e-09   7.458891e-05   9.999254e-01
         8.0500   3.180202e-34   1.547156e-26   5.068711e-20   4.181346e-14   4.774376e-09   6.440304e-05   9.999356e-01
         8.1000   1.407401e-34   7.803070e-27   2.915324e-20   2.740678e-14   3.577372e-09   5.552495e-05   9.999445e-01
         8.1500   6.234514e-35   3.937634e-27   1.676981e-20   1.796017e-14   2.678944e-09   4.779026e-05   9.999522e-01
         8.2000   2.763696e-35   1.987618e-27   9.645384e-21   1.176457e-14   2.004543e-09   4.105697e-05   9.999589e-01
         8.2500   1.225657e-35   1.003356e-27   5.545813e-21   7.701311e-15   1.498404e-09   3.520182e-05   9.999648e-01
         8.3000   5.436674e-36   5.064117e-28   3.186956e-21   5.037233e-15   1.118722e-09   3.011725e-05   9.999699e-01
         8.3500   2.411491e-36   2.554988e-28   1.830075e-21   3.291402e-15   8.341041e-10   2.570904e-05   9.999743e-01
         8.4000   1.069385e-36   1.288327e-28   1.049945e-21   2.148127e-15   6.209485e-10   2.189435e-05   9.999781e-01
         8.4500   4.740175e-37   6.491391e-29   6.017265e-22   1.400117e-15   4.614966e-10   1.860013e-05   9.999814e-01
         8.5000   2.099859e-37   3.267790e-29   3.444316e-22   9.112476e-16   3.423788e-10   1.576185e-05   9.999842e-01
         8.5500   9.295100e-38   1.643290e-29   1.968900e-22   5.921429e-16   2.535287e-10   1.332238e-05   9.999867e-01
         8.6000   4.110807e-38   8.254002e-30   1.123863e-22   3.841428e-16   1.873671e-10   1.123112e-05   9.999888e-01
         8.6500   1.816179e-38   4.140570e-30   6.405211e-23   2.487711e-16   1.381900e-10   9.443228e-06   9.999906e-01
         8.7000   8.015047e-39   2.074263e-30   3.644613e-23   1.608130e-16   1.017080e-10   7.919018e-06   9.999921e-01
         8.7500   3.532936e-39   1.037640e-30   2.070349e-23   1.037615e-16   7.469907e-11   6.623364e-06   9.999934e-01
         8.8000   1.555327e-39   5.183073e-31   1.174069e-23   6.682397e-17   5.474558e-11   5.525249e-06   9.999945e-01
         8.8500   6.838270e-40   2.585070e-31   6.646482e-24   4.295404e-17   4.003651e-11   4.597335e-06   9.999954e-01
         8.9000   3.002608e-40   1.287346e-31   3.756094e-24   2.755829e-17   2.921745e-11   3.815593e-06   9.999962e-01
         8.9500   1.316665e-40   6.401121e-32   2.119003e-24   1.764754e-17   2.127741e-11   3.158967e-06   9.999968e-01
         9.0000   5.766052e-41   3.178052e-32   1.193402e-24   1.128007e-17   1.546330e-11   2.609064e-06   9.999974e-01
