# CIE ionization fractions for O (Z=8)
# Source: CHIANTI v11.0.2 chianti.ioneq (Dere et al. 2009)
# T grid: 121 log-spaced points, 10^3.00 K -> 10^9.00 K
# Generated by pyathena/photchem/data/build_ioneq_tables.py
#
# log_T_K        x_O0           x_O1           x_O2           x_O3           x_O4           x_O5           x_O6           x_O7           x_O8         
         3.0000   1.000000e+00   8.425880e-66  1.484407e-308   0.000000e+00   0.000000e+00   0.000000e+00   0.000000e+00   0.000000e+00   0.000000e+00
         3.0500   1.000000e+00   2.732478e-58  2.937188e-274   0.000000e+00   0.000000e+00   0.000000e+00   0.000000e+00   0.000000e+00   0.000000e+00
         3.1000   1.000000e+00   1.371278e-51  1.127014e-243   0.000000e+00   0.000000e+00   0.000000e+00   0.000000e+00   0.000000e+00   0.000000e+00
         3.1500   1.000000e+00   1.304570e-45  2.125429e-216   0.000000e+00   0.000000e+00   0.000000e+00   0.000000e+00   0.000000e+00   0.000000e+00
         3.2000   1.000000e+00   2.819323e-40  4.512542e-192   0.000000e+00   0.000000e+00   0.000000e+00   0.000000e+00   0.000000e+00   0.000000e+00
         3.2500   1.000000e+00   1.626221e-35  2.257322e-170   0.000000e+00   0.000000e+00   0.000000e+00   0.000000e+00   0.000000e+00   0.000000e+00
         3.3000   1.000000e+00   2.890551e-31  5.137484e-151  2.924869e-321   0.000000e+00   0.000000e+00   0.000000e+00   0.000000e+00   0.000000e+00
         3.3500   1.000000e+00   1.799587e-27  9.561145e-134  4.349533e-285   0.000000e+00   0.000000e+00   0.000000e+00   0.000000e+00   0.000000e+00
         3.4000   1.000000e+00   4.398799e-24  2.452980e-118  8.014281e-253   0.000000e+00   0.000000e+00   0.000000e+00   0.000000e+00   0.000000e+00
         3.4500   1.000000e+00   4.673612e-21  1.381477e-104  4.861334e-224   0.000000e+00   0.000000e+00   0.000000e+00   0.000000e+00   0.000000e+00
         3.5000   1.000000e+00   2.363273e-18   2.584745e-92  2.319869e-198   0.000000e+00   0.000000e+00   0.000000e+00   0.000000e+00   0.000000e+00
         3.5500   1.000000e+00   6.166260e-16   2.323858e-81  1.892671e-175  1.875739e-300   0.000000e+00   0.000000e+00   0.000000e+00   0.000000e+00
         3.6000   1.000000e+00   8.922051e-14   1.394849e-71  5.271548e-155  7.130676e-266   0.000000e+00   0.000000e+00   0.000000e+00   0.000000e+00
         3.6500   1.000000e+00   7.633615e-12   7.492900e-63  9.283459e-137  5.068159e-235   0.000000e+00   0.000000e+00   0.000000e+00   0.000000e+00
         3.7000   1.000000e+00   4.089543e-10   4.678237e-55  1.790504e-120  1.708558e-207   0.000000e+00   0.000000e+00   0.000000e+00   0.000000e+00
         3.7500   1.000000e+00   1.443620e-08   4.286651e-48  6.172699e-106  6.263753e-183  7.412759e-295   0.000000e+00   0.000000e+00   0.000000e+00
         3.8000   9.999996e-01   3.514074e-07   7.099271e-42   5.887957e-93  5.233319e-161  2.009854e-260   0.000000e+00   0.000000e+00   0.000000e+00
         3.8500   9.999939e-01   6.142512e-06   2.559649e-36   2.294743e-81  1.927765e-141  1.070367e-229   0.000000e+00   0.000000e+00   0.000000e+00
         3.9000   9.999201e-01   7.993128e-05   2.372413e-31   5.173694e-71  5.640953e-124  2.829589e-202  1.580548e-296  6.714726e-314   0.000000e+00
         3.9500   9.992008e-01   7.991937e-04   6.553442e-27   9.197355e-62  2.216243e-108  8.484945e-178  1.701237e-261  7.227458e-279  3.070480e-296
         4.0000   9.937077e-01   6.292301e-03   6.134060e-23   1.693149e-53   1.860427e-94  6.008883e-156  3.146542e-230  1.336763e-247  5.679041e-265
         4.0500   9.608992e-01   3.910082e-02   2.138939e-19   4.035738e-46   4.948127e-82  1.893545e-136  2.505686e-202  1.064504e-219  4.522391e-237
         4.1000   8.215906e-01   1.784094e-01   2.806759e-16   1.410973e-39   5.480361e-71  4.319880e-119  1.801906e-177   0.000000e+00   0.000000e+00
         4.1500   5.045339e-01   4.954661e-01   1.235950e-13   7.145465e-34   2.817788e-61  9.617247e-104  1.977742e-155   0.000000e+00   0.000000e+00
         4.2000   2.069514e-01   7.930486e-01   1.844584e-11   5.794614e-29   8.071524e-53   2.967445e-90  5.754364e-136   0.000000e+00   0.000000e+00
         4.2500   7.086577e-02   9.291342e-01   1.253303e-09   1.093989e-24   1.947812e-45   2.224701e-78  9.299918e-119   0.000000e+00   0.000000e+00
         4.3000   2.445579e-02   9.755442e-01   4.976258e-08   6.602854e-21   5.667939e-39   6.579827e-68  1.585868e-103  2.861159e-292   0.000000e+00
         4.3500   9.073621e-03   9.909251e-01   1.293251e-06   1.507296e-17   2.632684e-33   1.123066e-58   4.783520e-90  4.950980e-258   0.000000e+00
         4.4000   3.671643e-03   9.963053e-01   2.302185e-05   1.417743e-14   2.495802e-28   1.513487e-50   3.922699e-78  1.271748e-227   0.000000e+00
         4.4500   1.627764e-03   9.980891e-01   2.830905e-04   5.674003e-12   5.715006e-24   1.986208e-43   1.190261e-67  1.137190e-200   0.000000e+00
         4.5000   7.991068e-04   9.968427e-01   2.358231e-03   9.569950e-10   3.440041e-20   2.911875e-37   1.670762e-58  7.194637e-177  9.210208e-317
         4.5500   4.433785e-04   9.865157e-01   1.304082e-02   6.747139e-08   5.740937e-17   5.579289e-32   1.377897e-50  6.377585e-156  1.640152e-280
         4.6000   2.823237e-04   9.507506e-01   4.896495e-02   2.118320e-06   2.963983e-14   1.782868e-27   9.273951e-44  1.660940e-137  1.746968e-248
         4.6500   2.018260e-04   8.669790e-01   1.327853e-01   3.392705e-05   5.645081e-12   1.275358e-23   7.458771e-38  2.715202e-121  3.707115e-220
         4.7000   1.510071e-04   7.243002e-01   2.752305e-01   3.183249e-04   4.722814e-10   2.653429e-20   1.011907e-32  5.518027e-107  4.605396e-195
         4.7500   1.094072e-04   5.437916e-01   4.541504e-01   1.948576e-03   2.000707e-08   1.970846e-17   3.059116e-28   2.481753e-94  8.430848e-173
         4.8000   7.368322e-05   3.693934e-01   6.220610e-01   8.471423e-03   4.826806e-07   6.163884e-15   2.586719e-24   4.026267e-83  5.022374e-153
         4.8500   4.591990e-05   2.324895e-01   7.392548e-01   2.820246e-02   7.367800e-06   9.366927e-13   7.436594e-21   3.601655e-73  1.943832e-135
         4.9000   2.659352e-05   1.380541e-01   7.861141e-01   7.572825e-02   7.696286e-05   7.720779e-11   8.476567e-18   2.534648e-64  8.828592e-120
         4.9500   1.422472e-05   7.731384e-02   7.542006e-01   1.678952e-01   5.761902e-04   3.713981e-09   4.277576e-15   1.872726e-56  7.738051e-106
         5.0000   6.920801e-06   4.027227e-02   6.479356e-01   3.086202e-01   3.164978e-03   1.092454e-07   1.033808e-12   1.840336e-49   1.995752e-93
         5.0500   3.032027e-06   1.930264e-02   4.955880e-01   4.720921e-01   1.301228e-02   2.045520e-06   1.280681e-10   2.961926e-43   2.199155e-82
         5.1000   1.202218e-06   8.541967e-03   3.399656e-01   6.102459e-01   4.121973e-02   2.554923e-05   8.731266e-09   9.495318e-38   1.457934e-72
         5.1500   4.367485e-07   3.525439e-03   2.119992e-01   6.803713e-01   1.038799e-01   2.233018e-04   3.510664e-07   7.259342e-33   7.932499e-64
         5.2000   1.463294e-07   1.362790e-03   1.210373e-01   6.630223e-01   2.131514e-01   1.417142e-03   8.803064e-06   1.544748e-28   4.643549e-56
         5.2500   4.522463e-08   4.923954e-04   6.329613e-02   5.681009e-01   3.612608e-01   6.705977e-03   1.437417e-04   1.043111e-24   3.697789e-49
         5.3000   1.291425e-08   1.662122e-04   3.036892e-02   4.308127e-01   5.128090e-01   2.425318e-02   1.589997e-03   2.514628e-21   4.941772e-43
         5.3500   3.404761e-09   5.227724e-05   1.335741e-02   2.901721e-01   6.157350e-01   6.837125e-02   1.231194e-02   2.397865e-18   1.333164e-37
         5.4000   8.025871e-10   1.481039e-05   5.215176e-03   1.687403e-01   6.112866e-01   1.481563e-01   6.658684e-02   9.602469e-16   8.293370e-33
         5.4500   1.535368e-10   3.425260e-06   1.640395e-03   7.714868e-02   4.591824e-01   2.276132e-01   2.344119e-01   1.590710e-13   1.250814e-28
         5.5000   2.182187e-11   5.912692e-07   3.805257e-04   2.546195e-02   2.406565e-01   2.301687e-01   5.033318e-01   1.073078e-11   4.771913e-25
         5.5500   2.496698e-12   8.245469e-08   7.054133e-05   6.590222e-03   9.596923e-02   1.681032e-01   7.292667e-01   3.407794e-10   5.606533e-22
         5.6000   2.716149e-13   1.096278e-08   1.234496e-05   1.583757e-03   3.459316e-02   1.059220e-01   8.578887e-01   6.375173e-09   2.658392e-19
         5.6500   3.112559e-14   1.538265e-09   2.259490e-06   3.922493e-04   1.254825e-02   6.442208e-02   9.226351e-01   8.192069e-08   6.180709e-17
         5.7000   3.901151e-15   2.363758e-10   4.491336e-07   1.041357e-04   4.776872e-03   3.961663e-02   9.555011e-01   7.856465e-07   7.941877e-15
         5.7500   5.394278e-16   4.010278e-11   9.782287e-08   2.994182e-05   1.932622e-03   2.504408e-02   9.729874e-01   5.902748e-06   6.116810e-13
         5.8000   8.220505e-17   7.501490e-12   2.332856e-08   9.328596e-06   8.331069e-04   1.637472e-02   9.827469e-01   3.591175e-05   3.005053e-11
         5.8500   1.377187e-17   1.542830e-12   6.077798e-09   3.145308e-06   3.828638e-04   1.111497e-02   9.883176e-01   1.814014e-04   9.909284e-10
         5.9000   2.535011e-18   3.486362e-13   1.729357e-09   1.148288e-06   1.879546e-04   7.869715e-03   9.911654e-01   7.758014e-04   2.288890e-08
         5.9500   5.135450e-19   8.669179e-14   5.384218e-10   4.551197e-07   9.895088e-05   5.848031e-03   9.912017e-01   2.850450e-03   3.836187e-07
         6.0000   1.146110e-19   2.374363e-14   1.836722e-10   1.962299e-07   5.604144e-05   4.583891e-03   9.862735e-01   9.081530e-03   4.795955e-06
         6.0500   2.804169e-20   7.127688e-15   6.834180e-11   9.168041e-08   3.404521e-05   3.784502e-03   9.709660e-01   2.516978e-02   4.560931e-05
         6.1000   7.399871e-21   2.307285e-15   2.729586e-11   4.569942e-08   2.185779e-05   3.246161e-03   9.358937e-01   6.050448e-02   3.337981e-04
         6.1500   2.048913e-21   7.835525e-16   1.138807e-11   2.365885e-08   1.444431e-05   2.819864e-03   8.700115e-01   1.252629e-01   1.891259e-03
         6.2000   5.758223e-22   2.700634e-16   4.802467e-12   1.231370e-08   9.514953e-06   2.404204e-03   7.673062e-01   2.219406e-01   8.339440e-03
         6.2500   1.591118e-22   9.152171e-17   1.983548e-12   6.245152e-09   6.059094e-06   1.952379e-03   6.331042e-01   3.360630e-01   2.887439e-02
         6.3000   4.218625e-23   2.976524e-17   7.832195e-13   3.013690e-09   3.643930e-06   1.476385e-03   4.830837e-01   4.360058e-01   7.943045e-02
         6.3500   1.050915e-23   9.098410e-18   2.895834e-13   1.355725e-09   2.028615e-06   1.019944e-03   3.371716e-01   4.862189e-01   1.755875e-01
         6.4000   2.423894e-24   2.576257e-18   9.883070e-14   5.606131e-10   1.031086e-06   6.355762e-04   2.139377e-01   4.691491e-01   3.162766e-01
         6.4500   5.193874e-25   6.781712e-19   3.125363e-14   2.139713e-10   4.805788e-07   3.592797e-04   1.244177e-01   3.991212e-01   4.761013e-01
         6.5000   1.057199e-25   1.697250e-19   9.367488e-15   7.711896e-11   2.102258e-07   1.888225e-04   6.795904e-02   3.093539e-01   6.224980e-01
         6.5500   2.102241e-26   4.153836e-20   2.737450e-15   2.700459e-11   8.884076e-08   9.510537e-05   3.594604e-02   2.266676e-01   7.372912e-01
         6.6000   4.174652e-27   1.016384e-20   7.974666e-16   9.394933e-12   3.710813e-08   4.703282e-05   1.889067e-02   1.618510e-01   8.192113e-01
         6.6500   8.399061e-28   2.522795e-21   2.350078e-16   3.295675e-12   1.555585e-08   2.321737e-05   1.003079e-02   1.149399e-01   8.750061e-01
         6.7000   1.730715e-28   6.422092e-22   7.083811e-17   1.178860e-12   6.621782e-09   1.158791e-05   5.431058e-03   8.214670e-02   9.124106e-01
         6.7500   3.664726e-29   1.682330e-22   2.191780e-17   4.315635e-13   2.873895e-09   5.876844e-06   3.010807e-03   5.944692e-02   9.375364e-01
         6.8000   7.980749e-30   4.539111e-23   6.968172e-18   1.618859e-13   1.273473e-09   3.035126e-06   1.711199e-03   4.367803e-02   9.546077e-01
         6.8500   1.786385e-30   1.260688e-23   2.275333e-18   6.220726e-14   5.761251e-10   1.597199e-06   9.968444e-04   3.260872e-02   9.663928e-01
         6.9000   4.083484e-31   3.581068e-24   7.582568e-19   2.433643e-14   2.645304e-10   8.517718e-07   5.945622e-04   2.473067e-02   9.746739e-01
         6.9500   9.566491e-32   1.044024e-24   2.588050e-19   9.729039e-15   1.237622e-10   4.623307e-07   3.625531e-04   1.903854e-02   9.805984e-01
         7.0000   2.293294e-32   3.118811e-25   9.032671e-20   3.968701e-15   5.892895e-11   2.551780e-07   2.256545e-04   1.486222e-02   9.849119e-01
         7.0500   5.616752e-33   9.530937e-26   3.218537e-20   1.649529e-15   2.852132e-11   1.430723e-07   1.431261e-04   1.175173e-02   9.881050e-01
         7.1000   1.403506e-33   2.974925e-26   1.169123e-20   6.976270e-16   1.401615e-11   8.140879e-08   9.237542e-05   9.401574e-03   9.905060e-01
         7.1500   3.573404e-34   9.470468e-27   4.323455e-21   2.998509e-16   6.986622e-12   4.696730e-08   6.058348e-05   7.601634e-03   9.923377e-01
         7.2000   9.259447e-35   3.070634e-27   1.625652e-21   1.308325e-16   3.529269e-12   2.745090e-08   4.032302e-05   6.205453e-03   9.937542e-01
         7.2500   2.437841e-35   1.012098e-27   6.204091e-22   5.785266e-17   1.804011e-12   1.623030e-08   2.720343e-05   5.109537e-03   9.948632e-01
         7.3000   6.498389e-36   3.378287e-28   2.394275e-22   2.583198e-17   9.299137e-13   9.674382e-09   1.858086e-05   4.239771e-03   9.957416e-01
         7.3500   1.757751e-36   1.144156e-28   9.362650e-23   1.167181e-17   4.844936e-13   5.826905e-09   1.283564e-05   3.542393e-03   9.964448e-01
         7.4000   4.821025e-37   3.927519e-29   3.706181e-23   5.331791e-18   2.549461e-13   3.543543e-09   8.958839e-06   2.977920e-03   9.970131e-01
         7.4500   1.339955e-37   1.365119e-29   1.483799e-23   2.460438e-18   1.354019e-13   2.174282e-09   6.312216e-06   2.517013e-03   9.974767e-01
         7.5000   3.772486e-38   4.800484e-30   6.003793e-24   1.146220e-18   7.253482e-14   1.345222e-09   4.485982e-06   2.137626e-03   9.978579e-01
         7.5500   1.075511e-38   1.706633e-30   2.453539e-24   5.387449e-19   3.917089e-14   8.387115e-10   3.213252e-06   1.823020e-03   9.981738e-01
         7.6000   3.104088e-39   6.129506e-31   1.012042e-24   2.553331e-19   2.131229e-14   5.266458e-10   2.318060e-06   1.560353e-03   9.984373e-01
         7.6500   9.067478e-40   2.222520e-31   4.210826e-25   1.219527e-19   1.167628e-14   3.328598e-10   1.683033e-06   1.339681e-03   9.986586e-01
         7.7000   2.680402e-40   8.130768e-32   1.766209e-25   5.866810e-20   6.438129e-15   2.116442e-10   1.229022e-06   1.153237e-03   9.988455e-01
         7.7500   8.016903e-41   2.999321e-32   7.464055e-26   2.841252e-20   3.570885e-15   1.353092e-10   9.021043e-07   9.948978e-04   9.990042e-01
         7.8000   2.425624e-41   1.114949e-32   3.176254e-26   1.384463e-20   1.991269e-15   8.693536e-11   6.651581e-07   8.598016e-04   9.991395e-01
         7.8500   7.422407e-42   4.174053e-33   1.360217e-26   6.783896e-21   1.115825e-15   5.610277e-11   4.923950e-07   7.440561e-04   9.992555e-01
         7.9000   2.296394e-42   1.572768e-33   5.858725e-27   3.340950e-21   6.279918e-16   3.634695e-11   3.657509e-07   6.445232e-04   9.993551e-01
         7.9500   7.180891e-43   5.960850e-34   2.536580e-27   1.652799e-21   3.548013e-16   2.362803e-11   2.724660e-07   5.586555e-04   9.994411e-01
         8.0000   2.266589e-43   2.268997e-34   1.102316e-27   8.201777e-22   2.009491e-16   1.539069e-11   2.034587e-07   4.843712e-04   9.995154e-01
         8.0500   7.221495e-44   8.673311e-35   4.807679e-28   4.082344e-22   1.140905e-16   1.004504e-11   1.522194e-07   4.199577e-04   9.995799e-01
         8.1000   2.322014e-44   3.328626e-35   2.104046e-28   2.037793e-22   6.492725e-17   6.568428e-12   1.140513e-07   3.639978e-04   9.996359e-01
         8.1500   7.530755e-45   1.281858e-35   9.235200e-29   1.019661e-22   3.701950e-17   4.301309e-12   8.554337e-08   3.153107e-04   9.996846e-01
         8.2000   2.461994e-45   4.951028e-36   4.063577e-29   5.112229e-23   2.113923e-17   2.819686e-12   6.420453e-08   2.729067e-04   9.997270e-01
         8.2500   8.108492e-46   1.917056e-36   1.791674e-29   2.567174e-23   1.208503e-17   1.849737e-12   4.820459e-08   2.359512e-04   9.997640e-01
         8.3000   2.688566e-46   7.438403e-37   7.912835e-30   1.290736e-23   6.914592e-18   1.213925e-12   3.619231e-08   2.037359e-04   9.997962e-01
         8.3500   8.968996e-47   2.891102e-37   3.499234e-30   6.495526e-24   3.958358e-18   7.967458e-13   2.716576e-08   1.756556e-04   9.998243e-01
         8.4000   3.008335e-47   1.125212e-37   1.548963e-30   3.270819e-24   2.266602e-18   5.228532e-13   2.037927e-08   1.511910e-04   9.998488e-01
         8.4500   1.013887e-47   4.383845e-38   6.861350e-31   1.647583e-24   1.297900e-18   3.429809e-13   1.527605e-08   1.298931e-04   9.998701e-01
         8.5000   3.431336e-48   1.709225e-38   3.040614e-31   8.300025e-25   7.430442e-19   2.248521e-13   1.143920e-08   1.113723e-04   9.998886e-01
         8.5500   1.165425e-48   6.667273e-39   1.347680e-31   4.180733e-25   4.252110e-19   1.472904e-13   8.555744e-09   9.528852e-05   9.999047e-01
         8.6000   3.970120e-49   2.601319e-39   5.972908e-32   2.105105e-25   2.431790e-19   9.638780e-14   6.390287e-09   8.134381e-05   9.999186e-01
         8.6500   1.355770e-49   1.014926e-39   2.646458e-32   1.059395e-25   1.389637e-19   6.300384e-14   4.765566e-09   6.927628e-05   9.999307e-01
         8.7000   4.638880e-50   3.958941e-40   1.172031e-32   5.327534e-26   7.933384e-20   4.112846e-14   3.547961e-09   5.885496e-05   9.999411e-01
         8.7500   1.589588e-50   1.543631e-40   5.187173e-33   2.676753e-26   4.524111e-20   2.680949e-14   2.636693e-09   4.987573e-05   9.999501e-01
         8.8000   5.452814e-51   6.015262e-41   2.293889e-33   1.343512e-26   2.576731e-20   1.744831e-14   1.955743e-09   4.215796e-05   9.999578e-01
         8.8500   1.871803e-51   2.342329e-41   1.013457e-33   6.735550e-27   1.465608e-20   1.133687e-14   1.447767e-09   3.554161e-05   9.999645e-01
         8.9000   6.427794e-52   9.113148e-42   4.472795e-34   3.372539e-27   8.324119e-21   7.353122e-15   1.069524e-09   2.988492e-05   9.999701e-01
         8.9500   2.207512e-52   3.542174e-42   1.971749e-34   1.686382e-27   4.720607e-21   4.760583e-15   7.884335e-10   2.506231e-05   9.999749e-01
         9.0000   7.580161e-53   1.375356e-42   8.681405e-35   8.420555e-28   2.672829e-21   3.076360e-15   5.799729e-10   2.096271e-05   9.999790e-01
