# CIE ionization fractions for Mg (Z=12)
# Source: CHIANTI v11.0.2 chianti.ioneq (Dere et al. 2009)
# T grid: 121 log-spaced points, 10^3.00 K -> 10^9.00 K
# Generated by pyathena/photchem/data/build_ioneq_tables.py
#
# log_T_K        x_Mg0          x_Mg1          x_Mg2          x_Mg3          x_Mg4          x_Mg5          x_Mg6          x_Mg7          x_Mg8          x_Mg9          x_Mg10         x_Mg11         x_Mg12       
         3.0000   1.000000e+00   3.664017e-35  2.339971e-108   0.000000e+00   0.000000e+00   0.000000e+00   0.000000e+00   0.000000e+00   0.000000e+00   0.000000e+00   0.000000e+00   0.000000e+00   0.000000e+00
         3.0500   1.000000e+00   6.502204e-31   8.330094e-96   0.000000e+00   0.000000e+00   0.000000e+00   0.000000e+00   0.000000e+00   0.000000e+00   0.000000e+00   0.000000e+00   0.000000e+00   0.000000e+00
         3.1000   1.000000e+00   4.040854e-27   1.320089e-84   0.000000e+00   0.000000e+00   0.000000e+00   0.000000e+00   0.000000e+00   0.000000e+00   0.000000e+00   0.000000e+00   0.000000e+00   0.000000e+00
         3.1500   1.000000e+00   9.856171e-24   1.306269e-74   0.000000e+00   0.000000e+00   0.000000e+00   0.000000e+00   0.000000e+00   0.000000e+00   0.000000e+00   0.000000e+00   0.000000e+00   0.000000e+00
         3.2000   1.000000e+00   1.044414e-20   1.091180e-65  3.129856e-319   0.000000e+00   0.000000e+00   0.000000e+00   0.000000e+00   0.000000e+00   0.000000e+00   0.000000e+00   0.000000e+00   0.000000e+00
         3.2500   1.000000e+00   5.263165e-18   1.006653e-57  1.723904e-283   0.000000e+00   0.000000e+00   0.000000e+00   0.000000e+00   0.000000e+00   0.000000e+00   0.000000e+00   0.000000e+00   0.000000e+00
         3.3000   1.000000e+00   1.367098e-15   1.302978e-50  1.292302e-251   0.000000e+00   0.000000e+00   0.000000e+00   0.000000e+00   0.000000e+00   0.000000e+00   0.000000e+00   0.000000e+00   0.000000e+00
         3.3500   1.000000e+00   1.966261e-13   2.928603e-44  3.470386e-223   0.000000e+00   0.000000e+00   0.000000e+00   0.000000e+00   0.000000e+00   0.000000e+00   0.000000e+00   0.000000e+00   0.000000e+00
         3.4000   1.000000e+00   1.668898e-11   1.381984e-38  7.907932e-198   0.000000e+00   0.000000e+00   0.000000e+00   0.000000e+00   0.000000e+00   0.000000e+00   0.000000e+00   0.000000e+00   0.000000e+00
         3.4500   1.000000e+00   8.845071e-10   1.621188e-33  3.296662e-175   0.000000e+00   0.000000e+00   0.000000e+00   0.000000e+00   0.000000e+00   0.000000e+00   0.000000e+00   0.000000e+00   0.000000e+00
         3.5000   1.000000e+00   3.075962e-08   5.491587e-29  4.982292e-155   0.000000e+00   0.000000e+00   0.000000e+00   0.000000e+00   0.000000e+00   0.000000e+00   0.000000e+00   0.000000e+00   0.000000e+00
         3.5500   9.999993e-01   7.314603e-07   6.120737e-25  5.006936e-137  4.626558e-291   0.000000e+00   0.000000e+00   0.000000e+00   0.000000e+00   0.000000e+00   0.000000e+00   0.000000e+00   0.000000e+00
         3.6000   9.999878e-01   1.222767e-05   2.498781e-21  5.692856e-121  4.586392e-258   0.000000e+00   0.000000e+00   0.000000e+00   0.000000e+00   0.000000e+00   0.000000e+00   0.000000e+00   0.000000e+00
         3.6500   9.998558e-01   1.441795e-04   4.024738e-18  1.151275e-106  1.176243e-228   0.000000e+00   0.000000e+00   0.000000e+00   0.000000e+00   0.000000e+00   0.000000e+00   0.000000e+00   0.000000e+00
         3.7000   9.988320e-01   1.168008e-03   2.653728e-15   6.018561e-94  1.797687e-202   0.000000e+00   0.000000e+00   0.000000e+00   0.000000e+00   0.000000e+00   0.000000e+00   0.000000e+00   0.000000e+00
         3.7500   9.936566e-01   6.343366e-03   7.394235e-13   1.133741e-82  3.441167e-179  2.038588e-305   0.000000e+00   0.000000e+00   0.000000e+00   0.000000e+00   0.000000e+00   0.000000e+00   0.000000e+00
         3.8000   9.761085e-01   2.389148e-02   9.470232e-11   1.093969e-72  1.691243e-158  6.308134e-271   0.000000e+00   0.000000e+00   0.000000e+00   0.000000e+00   0.000000e+00   0.000000e+00   0.000000e+00
         3.8500   9.323067e-01   6.769329e-02   6.324234e-09   7.786207e-64  4.258240e-140  3.189340e-240   0.000000e+00   0.000000e+00   0.000000e+00   0.000000e+00   0.000000e+00   0.000000e+00   0.000000e+00
         3.9000   8.459078e-01   1.540919e-01   2.447308e-07   5.619214e-56  1.009654e-123  7.055809e-213   0.000000e+00   0.000000e+00   0.000000e+00   0.000000e+00   0.000000e+00   0.000000e+00   0.000000e+00
         3.9500   7.098691e-01   2.901251e-01   5.854041e-06   5.301676e-49  3.765348e-109  1.594989e-188  7.360893e-294   0.000000e+00   0.000000e+00   0.000000e+00   0.000000e+00   0.000000e+00   0.000000e+00
         4.0000   5.417265e-01   4.581829e-01   9.059741e-05   8.104102e-43   3.446941e-96  7.747876e-167  1.268802e-260   0.000000e+00   0.000000e+00   0.000000e+00   0.000000e+00   0.000000e+00   0.000000e+00
         4.0500   3.780071e-01   6.210382e-01   9.547175e-04   2.455517e-37   1.163792e-84  1.584527e-147  5.185336e-231   0.000000e+00   0.000000e+00   0.000000e+00   0.000000e+00   0.000000e+00   0.000000e+00
         4.1000   2.464342e-01   7.463095e-01   7.256355e-03   1.786454e-32   2.108203e-74  2.513411e-130  1.266394e-204  1.023753e-294   0.000000e+00   0.000000e+00   0.000000e+00   0.000000e+00   0.000000e+00
         4.1500   1.512753e-01   8.074198e-01   4.130492e-02   3.652150e-28   2.823096e-65  5.257734e-115  4.155342e-181  2.407609e-261   0.000000e+00   0.000000e+00   0.000000e+00   0.000000e+00   0.000000e+00
         4.2000   8.256671e-02   7.468519e-01   1.705814e-01   2.261050e-24   3.483431e-57  2.180862e-101  3.532207e-160  1.262184e-231   0.000000e+00   0.000000e+00   0.000000e+00   0.000000e+00   0.000000e+00
         4.2500   3.466158e-02   5.132647e-01   4.520737e-01   4.123040e-21   4.385722e-50   2.348087e-89  1.270548e-141  3.147010e-205  2.265096e-280   0.000000e+00   0.000000e+00   0.000000e+00   0.000000e+00
         4.3000   1.057553e-02   2.485840e-01   7.408404e-01   2.322124e-18   6.632380e-44   8.970570e-79  3.219014e-125  7.879292e-182  9.577643e-249   0.000000e+00   0.000000e+00   0.000000e+00   0.000000e+00
         4.3500   2.754939e-03   9.999570e-02   8.972494e-01   5.205063e-16   1.720959e-38   1.985334e-69  1.117349e-110  4.762698e-161  1.249984e-220  1.557460e-294   0.000000e+00   0.000000e+00   0.000000e+00
         4.4000   7.212391e-04   3.943480e-02   9.598440e-01   5.933580e-14   1.073245e-33   4.017102e-61   9.800048e-98  1.548240e-142  1.404921e-195  2.010648e-261   0.000000e+00   0.000000e+00   0.000000e+00
         4.4500   2.030010e-04   1.635003e-02   9.834470e-01   3.958466e-12   2.008629e-29   1.032014e-53   3.465443e-86  5.110417e-126  3.136064e-173  6.913592e-232  1.114575e-297   0.000000e+00   0.000000e+00
         4.5000   6.243231e-05   7.258782e-03   9.926788e-01   1.675687e-10   1.315107e-25   4.312907e-47   7.164394e-76  2.885558e-111  2.797730e-153  1.581342e-205  4.087764e-264   0.000000e+00   0.000000e+00
         4.5500   2.095658e-05   3.453292e-03   9.965257e-01   4.760505e-09   3.395235e-22   3.592450e-41   1.185022e-66   4.358286e-98  1.826934e-135  5.341677e-182  3.699687e-234   0.000000e+00   0.000000e+00
         4.6000   7.631893e-06   1.752846e-03   9.982394e-01   9.483767e-08   3.815763e-19   7.082966e-36   2.055375e-58   2.597460e-86  1.482926e-119  5.373753e-161  2.024308e-207   0.000000e+00   0.000000e+00
         4.6500   2.995319e-06   9.443290e-04   9.990513e-01   1.372668e-06   2.025382e-16   3.820186e-31   4.715990e-51   8.553214e-76  2.375161e-105  2.981065e-142  1.474639e-183   0.000000e+00   0.000000e+00
         4.7000   1.259980e-06   5.377007e-04   9.994462e-01   1.483490e-05   5.416304e-14   6.346842e-27   1.741551e-44   2.075012e-66   1.119295e-92  1.561279e-125  2.857862e-162   0.000000e+00   0.000000e+00
         4.7500   5.665331e-07   3.230900e-04   9.995543e-01   1.220278e-04   7.663512e-12   3.573541e-23   1.218727e-38   4.732565e-58   2.187372e-81  1.232018e-110  2.698868e-143  4.234100e-302   0.000000e+00
         4.8000   2.728189e-07   2.054760e-04   9.990205e-01   7.737648e-04   5.963695e-10   7.386586e-20   1.857660e-33   1.252480e-50   2.390116e-71   2.208424e-97  2.117030e-126  5.625625e-268   0.000000e+00
         4.8500   1.417895e-07   1.395019e-04   9.960361e-01   3.824184e-03   2.653174e-08   6.055706e-17   7.020402e-29   4.668299e-44   1.917391e-62   1.305218e-85  2.233585e-111  1.364813e-237   0.000000e+00
         4.9000   8.031742e-08   1.021911e-04   9.849534e-01   1.494358e-02   7.073552e-07   2.144147e-14   7.507811e-25   2.967252e-38   1.466994e-54   3.614064e-75   4.965186e-98  1.511691e-210   0.000000e+00
         4.9500   4.958856e-08   8.083473e-05   9.529801e-01   4.692707e-02   1.192100e-05   3.592342e-12   2.600564e-21   3.890533e-33   1.379295e-47   6.543975e-66   3.540701e-86  1.765584e-186  1.154518e-298
         5.0000   3.254363e-08   6.738070e-05   8.801339e-01   1.196655e-01   1.331807e-04   3.098360e-10   3.308736e-18   1.256533e-28   2.014675e-41   1.051751e-57   1.187936e-75  4.623596e-165  4.042986e-265
         5.0500   2.155772e-08   5.623801e-05   7.509866e-01   2.479370e-01   1.020167e-03   1.471848e-08   1.721060e-15   1.166688e-24   5.617912e-36   1.963865e-50   2.629819e-66  5.301227e-146  3.018845e-235
         5.1000   1.363412e-08   4.447981e-05   5.766980e-01   4.177454e-01   5.511718e-03   4.081230e-07   4.024131e-13   3.573568e-21   3.595081e-31   5.415610e-44   5.192927e-58  4.832024e-129  1.212279e-208
         5.1500   7.968305e-09   3.228481e-05   3.967215e-01   5.814317e-01   2.180747e-02   7.034664e-06   4.656585e-11   4.128288e-18   6.292937e-27   2.762134e-38   1.209998e-50  6.025069e-114  6.038435e-185
         5.2000   4.265945e-09   2.132783e-05   2.473636e-01   6.865119e-01   6.602267e-02   8.043896e-05   2.930281e-09   2.042490e-15   3.551139e-23   3.208216e-33   4.301502e-44  1.679676e-100  7.916520e-164
         5.2500   2.081684e-09   1.276561e-05   1.408588e-01   7.004989e-01   1.579880e-01   6.413789e-04   1.080726e-07   4.798971e-13   7.403939e-20   1.010939e-28   2.903001e-38   1.605288e-88  5.285840e-145
         5.3000   9.154085e-10   6.847125e-06   7.292035e-02   6.200383e-01   3.033593e-01   3.672766e-03   2.457222e-06   5.772515e-11   6.329705e-17   9.925258e-25   4.440461e-33   7.563931e-78  3.180717e-128
         5.3500   3.601389e-10   3.268596e-06   3.417874e-02   4.772763e-01   4.730365e-01   1.546932e-02   3.590096e-05   3.784729e-09   2.423260e-14   3.417650e-21   1.793871e-28   2.417053e-68  2.854362e-113
         5.4000   1.275931e-10   1.398329e-06   1.461711e-02   3.237114e-01   6.118730e-01   4.944397e-02   3.528920e-04   1.442295e-07   4.530071e-12   4.622502e-18   2.210607e-24   7.013851e-60  6.030997e-100
         5.4500   4.113565e-11   5.419229e-07   5.767221e-03   1.964939e-01   6.715670e-01   1.237302e-01   2.437718e-03   3.390254e-06   4.475481e-10   2.721140e-15   9.463950e-21   2.401439e-52   4.514753e-88
         5.5000   1.207078e-11   1.903601e-07   2.099372e-03   1.071605e-01   6.317808e-01   2.467336e-01   1.217415e-02   5.126755e-05   2.479271e-08   7.551711e-13   1.562410e-17   1.211037e-45   1.703694e-77
         5.5500   3.190352e-12   5.999421e-08   6.972053e-04   5.209384e-02   5.082473e-01   3.938703e-01   4.457856e-02   5.119278e-04   8.023321e-07   1.048154e-10   1.078477e-14   1.082937e-39   4.384231e-68
         5.6000   7.513809e-13   1.678728e-08   2.087749e-04   2.237385e-02   3.482665e-01   5.046305e-01   1.210542e-01   3.450413e-03   1.570727e-05   7.655188e-09   3.339040e-12   2.022202e-34   1.005284e-59
         5.6500   1.571917e-13   4.158332e-09   5.612590e-05   8.473800e-03   2.037838e-01   5.234249e-01   2.479491e-01   1.611871e-02   1.932023e-04   3.098480e-07   4.968834e-10   9.182398e-30   2.623849e-52
         5.7000   2.936561e-14   9.168767e-10   1.360162e-05   2.847642e-03   1.028498e-01   4.465490e-01   3.922656e-01   5.390871e-02   1.558174e-03   7.343561e-06   3.813372e-08   1.171596e-25   9.783039e-46
         5.7500   4.946283e-15   1.817327e-10   2.996090e-06   8.577015e-04   4.537889e-02   3.193160e-01   4.921348e-01   1.335941e-01   8.606268e-03   1.076370e-04   1.616158e-06   4.804724e-22   6.415407e-40
         5.8000   7.563686e-16   3.261084e-11   6.030355e-07   2.331140e-04   1.767444e-02   1.942415e-01   5.004037e-01   2.525882e-01   3.379512e-02   1.023192e-03   4.015484e-05   7.130963e-19   8.895844e-35
         5.8500   1.048252e-16   5.289917e-12   1.106098e-07   5.709154e-05   6.084128e-03   1.010988e-01   4.173841e-01   3.713534e-01   9.687180e-02   6.537640e-03   6.128167e-04   4.229192e-16   3.053391e-30
         5.9000   1.301303e-17   7.667913e-13   1.826058e-08   1.245744e-05   1.834303e-03   4.479704e-02   2.857544e-01   4.274767e-01   2.054814e-01   2.871191e-02   5.931787e-03   1.084483e-13   2.957035e-26
         5.9500   1.406811e-18   9.657994e-14   2.636445e-09   2.355376e-06   4.719466e-04   1.652390e-02   1.577962e-01   3.807794e-01   3.207196e-01   8.688423e-02   3.682240e-02   1.267498e-11   8.922200e-23
         6.0000   1.255461e-19   1.002104e-14   3.150614e-10   3.654972e-07   9.830165e-05   4.827866e-03   6.715814e-02   2.521062e-01   3.557748e-01   1.762899e-01   1.437444e-01   6.871215e-10   8.896072e-20
         6.0500   8.867243e-21   8.213417e-16   2.983748e-11   4.459581e-08   1.590191e-05   1.074745e-03   2.126586e-02   1.203148e-01   2.733725e-01   2.353581e-01   3.485981e-01   1.764165e-08   3.105325e-17
         6.1000   5.242648e-22   5.625144e-17   2.367459e-12   4.525827e-09   2.115793e-06   1.934960e-04   5.334198e-03   4.423983e-02   1.562314e-01   2.233722e-01   5.706265e-01   2.400298e-07   4.388050e-15
         6.1500   2.949258e-23   3.659436e-18   1.788316e-13   4.343109e-10   2.635057e-07   3.212587e-05   1.211623e-03   1.437653e-02   7.648312e-02   1.745192e-01   7.333751e-01   2.066209e-06   3.085850e-13
         6.2000   1.743836e-24   2.498271e-19   1.420246e-14   4.354259e-11   3.397128e-08   5.448575e-06   2.766595e-04   4.597021e-03   3.583772e-02   1.260125e-01   8.332577e-01   1.296444e-05   1.277147e-11
         6.2500   1.137937e-25   1.879477e-20   1.244445e-15   4.787862e-12   4.762886e-09   9.931115e-07   6.693199e-05   1.528342e-03   1.703712e-02   8.948931e-02   8.918128e-01   6.445237e-05   3.461063e-10
         6.3000   8.359938e-27   1.589627e-21   1.225617e-16   5.884141e-13   7.405348e-10   1.986098e-07   1.754282e-05   5.413768e-04   8.443627e-03   6.443558e-02   9.262956e-01   2.660852e-04   6.571695e-09
         6.3500   6.959009e-28   1.521372e-22   1.364369e-17   8.129902e-14   1.285070e-10   4.390536e-08   5.025062e-06   2.065017e-04   4.419522e-03   4.778141e-02   9.466490e-01   9.384219e-04   9.161554e-08
         6.4000   6.565888e-29   1.648283e-23   1.716502e-18   1.262994e-14   2.490497e-11   1.074459e-08   1.577200e-06   8.517425e-05   2.458226e-03   3.678889e-02   9.577852e-01   2.879974e-03   9.710791e-07
         6.4500   6.987881e-30   2.011955e-24   2.428569e-19   2.195857e-15   5.367889e-12   2.900958e-09   5.411029e-07   3.794950e-05   1.453870e-03   2.947334e-02   9.612377e-01   7.788597e-03   8.042196e-06
         6.5000   8.299371e-31   2.737592e-25   3.825126e-20   4.230509e-16   1.274558e-12   8.565520e-10   2.013009e-07   1.814090e-05   9.093101e-04   2.446600e-02   9.558309e-01   1.872224e-02   5.318098e-05
         6.5500   1.083138e-31   4.088918e-26   6.609382e-21   8.902021e-17   3.287196e-13   2.728742e-10   8.017159e-08   9.194045e-06   5.950092e-04   2.083836e-02   9.380382e-01   4.023342e-02   2.857340e-04
         6.6000   1.520748e-32   6.563972e-27   1.227213e-21   2.004520e-17   9.025458e-14   9.197989e-11   3.354589e-08   4.852572e-06   4.005290e-04   1.793160e-02   9.028136e-01   7.758433e-02   1.265104e-03
         6.6500   2.247397e-33   1.108129e-27   2.395121e-22   4.725509e-18   2.581657e-14   3.211849e-11   1.444594e-08   2.614627e-06   2.721570e-04   1.531652e-02   8.451730e-01   1.345660e-01   4.669609e-03
         6.7000   3.426379e-34   1.928388e-28   4.811977e-23   1.142404e-18   7.537936e-15   1.138858e-11   6.278780e-09   1.411337e-06   1.833550e-04   1.277007e-02   7.623535e-01   2.101862e-01   1.450548e-02
         6.7500   5.276075e-35   3.386849e-29   9.738010e-24   2.771782e-19   2.199414e-15   4.016046e-12   2.699162e-09   7.484372e-07   1.202089e-04   1.021843e-02   6.558059e-01   2.956543e-01   3.820038e-02
         6.8000   8.011757e-36   5.861987e-30   1.937607e-24   6.589058e-20   6.262416e-16   1.375911e-12   1.121684e-09   3.814058e-07   7.507717e-05   7.704007e-03   5.323918e-01   3.740830e-01   8.574575e-02
         6.8500   1.186626e-36   9.890009e-31   3.748836e-25   1.517960e-20   1.721474e-16   4.532022e-13   4.460137e-10   1.849164e-07   4.425964e-05   5.425108e-03   4.042451e-01   4.254142e-01   1.648712e-01
         6.9000   1.697872e-37   1.611066e-31   6.987492e-26   3.358121e-21   4.528034e-17   1.422846e-13   1.682890e-10   8.462803e-08   2.445566e-05   3.549473e-03   2.861372e-01   4.363606e-01   2.739282e-01
         6.9500   2.347544e-38   2.534722e-32   1.255548e-26   7.139969e-22   1.140888e-17   4.263858e-14   6.036406e-11   3.664277e-08   1.270413e-05   2.167767e-03   1.898993e-01   4.083242e-01   3.995959e-01
         7.0000   3.142786e-39   3.859629e-33   2.179993e-27   1.462706e-22   2.761257e-18   1.223487e-14   2.065930e-11   1.507912e-08   6.237397e-06   1.247089e-03   1.198716e-01   3.552028e-01   5.236723e-01
         7.0500   4.166841e-40   5.818067e-34   3.742160e-28   2.954533e-23   6.569871e-19   3.440561e-15   6.904572e-12   6.034304e-09   2.963412e-06   6.911260e-04   7.329262e-02   2.935868e-01   6.324265e-01
         7.1000   5.553342e-41   8.812800e-35   6.447842e-29   5.975086e-24   1.560748e-19   9.632082e-16   2.289662e-12   2.386666e-09   1.385536e-06   3.755937e-04   4.414989e-02   2.351859e-01   7.202872e-01
         7.1500   7.520063e-42   1.355918e-35   1.127430e-29   1.223347e-24   3.744083e-20   2.715615e-16   7.622722e-13   9.442165e-10   6.454995e-07   2.028356e-04   2.654369e-02   1.854127e-01   7.878401e-01
         7.2000   1.041723e-42   2.133520e-36   2.014672e-30   2.553973e-25   9.136620e-21   7.768712e-17   2.567538e-13   3.766450e-10   3.021903e-07   1.098396e-04   1.606589e-02   1.453703e-01   8.384537e-01
         7.2500   1.472699e-43   3.425198e-37   3.671379e-31   5.425872e-26   2.264241e-21   2.252293e-17   8.744251e-14   1.515169e-10   1.422419e-07   5.980305e-05   9.839766e-03   1.141031e-01   8.759972e-01
         7.3000   2.130217e-44   5.625091e-38   6.841574e-32   1.176406e-26   5.714856e-22   6.636639e-18   3.019553e-14   6.163514e-11   6.752381e-08   3.283296e-05   6.114487e-03   9.001144e-02   9.038412e-01
         7.3500   3.168106e-45   9.496351e-39   1.310153e-32   2.616200e-27   1.476673e-22   1.998079e-18   1.062941e-14   2.548862e-11   3.250960e-08   1.826309e-05   3.859245e-03   7.151399e-02   9.246085e-01
         7.4000   4.842430e-46   1.647399e-39   2.576533e-33   5.964427e-28   3.904624e-23   6.144580e-19   3.813868e-15   1.071616e-11   1.587900e-08   1.029745e-05   2.474365e-03   5.727971e-02   9.402356e-01
         7.4500   7.600532e-47   2.934222e-40   5.197783e-34   1.392576e-28   1.055637e-23   1.928689e-19   1.393965e-15   4.578553e-12   7.866760e-09   5.884883e-06   1.610833e-03   4.626465e-02   9.521186e-01
         7.5000   1.223584e-47   5.359675e-41   1.074218e-34   3.325752e-29   2.914791e-24   6.172897e-20   5.185529e-16   1.986614e-12   3.950988e-09   3.407306e-06   1.063977e-03   3.767720e-02   9.612554e-01
         7.5500   2.017797e-48   1.002734e-41   2.271250e-35   8.113918e-30   8.210170e-25   2.012389e-20   1.961475e-16   8.746984e-13   2.010403e-09   1.997538e-06   7.123736e-04   3.092617e-02   9.683595e-01
         7.6000   3.403660e-49   1.918718e-42   4.905861e-36   2.019585e-30   2.356224e-25   6.674851e-21   7.536688e-17   3.904700e-13   1.035652e-09   1.184907e-06   4.829976e-04   2.557246e-02   9.739434e-01
         7.6500   5.829923e-50   3.727710e-43   1.074811e-36   5.092283e-31   6.842504e-26   2.237885e-21   2.923979e-17   1.757978e-13   5.373599e-10   7.086487e-07   3.312870e-04   2.128968e-02   9.783783e-01
         7.7000   1.015975e-50   7.367796e-44   2.393511e-37   1.303581e-31   2.015013e-26   7.599314e-22   1.147414e-17   7.993483e-14   2.812475e-10   4.275110e-07   2.296427e-04   1.783438e-02   9.819356e-01
         7.7500   1.802602e-51   1.482498e-44   5.422185e-38   3.390967e-32   6.023146e-27   2.616359e-22   4.559289e-18   3.674888e-14   1.486683e-10   2.603452e-07   1.607198e-04   1.502381e-02   9.848152e-01
         7.8000   3.251621e-52   3.032500e-45   1.247915e-38   8.952386e-33   1.825382e-27   9.122955e-23   1.832590e-18   1.706617e-14   7.930328e-11   1.599123e-07   1.134621e-04   1.271989e-02   9.871665e-01
         7.8500   5.955339e-53   6.297712e-46   2.914304e-39   2.395975e-33   5.602701e-28   3.218431e-23   7.444048e-19   7.998951e-15   4.265390e-11   9.899148e-08   8.072556e-05   1.081747e-02   9.891017e-01
         7.9000   1.106111e-53   1.326237e-46   6.898310e-40   6.493804e-34   1.739905e-28   1.147685e-23   3.053192e-19   3.780871e-15   2.311554e-11   6.171260e-08   5.783389e-05   9.235832e-03   9.907063e-01
         7.9500   2.081156e-54   2.829080e-47   1.653376e-40   1.780639e-34   5.461966e-29   4.133406e-24   1.263465e-19   1.800964e-15   1.261370e-11   3.871795e-08   4.168825e-05   7.912532e-03   9.920457e-01
         8.0000   3.962459e-55   6.106565e-48   4.008619e-41   4.935242e-35   1.731751e-29   1.502254e-24   5.271143e-20   8.639077e-16   6.926119e-12   2.442982e-08   3.021132e-05   6.798876e-03   9.931709e-01
         8.0500   7.626894e-56   1.332434e-48   9.822210e-42   1.381392e-35   5.540848e-30   5.505438e-25   2.215470e-20   4.170525e-16   3.824535e-12   1.549236e-08   2.199528e-05   5.856598e-03   9.941214e-01
         8.1000   1.482658e-56   2.936159e-49   2.430126e-42   3.901554e-36   1.787632e-30   2.032975e-25   9.374503e-21   2.024894e-16   2.122532e-12   9.868198e-09   1.607628e-05   5.055397e-03   9.949285e-01
         8.1500   2.908259e-57   6.528117e-50   6.065494e-43   1.110976e-36   5.810930e-31   7.558549e-26   3.990708e-21   9.881572e-17   1.183191e-12   6.309753e-09   1.178805e-05   4.371111e-03   9.956171e-01
         8.2000   5.750634e-58   1.463062e-50   1.525929e-43   3.186777e-37   1.901661e-31   2.827384e-26   1.707917e-21   4.843770e-17   6.620849e-13   4.047370e-09   8.665912e-06   3.784334e-03   9.962070e-01
         8.2500   1.145214e-58   3.302188e-51   3.865899e-44   9.200596e-38   6.260319e-32   1.063277e-26   7.343373e-22   2.383398e-17   3.716762e-13   2.602884e-09   6.383057e-06   3.279375e-03   9.967142e-01
         8.3000   2.294832e-59   7.499132e-52   9.854579e-45   2.671404e-38   2.071555e-32   4.017004e-27   3.169829e-22   1.176490e-17   2.091908e-13   1.677249e-09   4.707846e-06   2.843465e-03   9.971518e-01
         8.3500   4.619181e-60   1.710592e-52   2.523300e-45   7.787752e-39   6.879514e-33   1.522366e-27   1.371873e-22   5.819147e-18   1.179123e-13   1.081979e-09   3.474899e-06   2.466148e-03   9.975304e-01
         8.4000   9.319648e-61   3.910920e-53   6.476318e-46   2.274758e-39   2.288189e-33   5.775979e-28   5.941283e-23   2.878773e-18   6.643897e-14   6.977096e-10   2.565354e-06   2.138810e-03   9.978586e-01
         8.4500   1.886766e-61   8.971648e-54   1.667985e-46   6.665010e-40   7.631291e-34   2.196436e-28   2.577615e-23   1.425854e-18   3.746174e-14   4.500011e-10   1.893247e-06   1.854307e-03   9.981438e-01
         8.5000   3.829778e-62   2.063379e-54   4.307500e-47   1.957434e-40   2.550181e-34   8.365754e-29   1.119566e-23   7.066462e-19   2.112539e-14   2.901349e-10   1.396059e-06   1.606683e-03   9.983919e-01
         8.5500   7.788248e-63   4.754153e-55   1.114580e-47   5.758255e-41   8.533405e-35   3.189396e-29   4.865326e-24   3.502213e-19   1.190794e-14   1.869007e-10   1.028089e-06   1.390938e-03   9.986080e-01
         8.6000   1.585678e-63   1.096612e-55   2.887732e-48   1.695632e-41   2.857480e-35   1.216387e-29   2.114270e-24   1.734871e-19   6.706015e-15   1.202370e-10   7.557779e-07   1.202854e-03   9.987964e-01
         8.6500   3.230217e-64   2.530757e-56   7.486900e-49   4.995274e-42   9.570062e-36   4.638388e-30   9.182867e-25   8.585638e-20   3.771335e-15   7.721386e-11   5.543881e-07   1.038844e-03   9.989606e-01
         8.7000   6.580278e-65   5.840097e-57   1.941367e-49   1.471449e-42   3.204033e-36   1.767602e-30   3.984433e-25   4.242987e-20   2.117150e-15   4.947787e-11   4.056220e-07   8.958461e-04   9.991037e-01
         8.7500   1.339765e-65   1.346908e-57   5.032165e-50   4.331911e-43   1.071836e-36   6.728692e-31   1.726400e-25   2.093108e-20   1.185964e-15   3.162478e-11   2.959116e-07   7.712273e-04   9.992285e-01
         8.8000   2.725129e-66   3.103173e-58   1.303317e-50   1.274021e-43   3.581215e-37   2.557616e-31   7.466920e-26   1.030340e-20   6.626937e-16   2.015602e-11   2.151758e-07   6.627120e-04   9.993371e-01
         8.8500   5.535241e-67   7.139058e-59   3.371427e-51   3.741658e-44   1.194642e-37   9.703755e-32   3.222671e-26   5.059390e-21   3.692701e-16   1.280605e-11   1.559144e-07   5.683233e-04   9.994315e-01
         8.9000   1.122294e-67   1.639353e-59   8.707183e-52   1.096934e-44   3.977358e-38   3.673628e-32   1.387472e-26   2.477492e-21   2.051365e-16   8.108503e-12   1.125446e-07   4.863354e-04   9.995136e-01
         8.9500   2.270604e-68   3.756164e-60   2.244337e-52   3.209060e-45   1.321170e-38   1.387282e-32   5.957120e-27   1.209491e-21   1.135788e-16   5.115338e-12   8.091057e-08   4.152356e-04   9.995847e-01
         9.0000   4.582490e-69   8.584555e-61   5.771730e-53   9.365315e-46   4.377250e-39   5.224271e-33   2.549977e-27   5.885196e-22   6.266240e-17   3.214562e-12   5.792130e-08   3.536936e-04   9.996462e-01
