# CIE ionization fractions for Ca (Z=20)
# Source: CHIANTI v11.0.2 chianti.ioneq (Dere et al. 2009)
# T grid: 121 log-spaced points, 10^3.00 K -> 10^9.00 K
# Generated by pyathena/photchem/data/build_ioneq_tables.py
#
# log_T_K        x_Ca0          x_Ca1          x_Ca2          x_Ca3          x_Ca4          x_Ca5          x_Ca6          x_Ca7          x_Ca8          x_Ca9          x_Ca10         x_Ca11         x_Ca12         x_Ca13         x_Ca14         x_Ca15         x_Ca16         x_Ca17         x_Ca18         x_Ca19         x_Ca20       
         3.0000   1.000000e+00   5.688737e-27   4.059444e-84  1.724596e-101  7.326693e-119  3.112639e-136  1.322359e-153  5.617851e-171  2.386662e-188  1.013939e-205  4.307570e-223  1.830008e-240  7.774524e-258  3.302893e-275  1.403186e-292  5.961231e-310   0.000000e+00   0.000000e+00   0.000000e+00   0.000000e+00   0.000000e+00
         3.0500   1.000000e+00   1.481347e-23   3.875194e-74  9.251231e-301  3.930253e-318   0.000000e+00   0.000000e+00   0.000000e+00   0.000000e+00   0.000000e+00   0.000000e+00   0.000000e+00   0.000000e+00   0.000000e+00   0.000000e+00   0.000000e+00   0.000000e+00   0.000000e+00   0.000000e+00   0.000000e+00   0.000000e+00
         3.1000   1.000000e+00   1.668289e-20   3.136542e-65  6.360840e-267  2.702310e-284  1.148037e-301  4.877268e-319   0.000000e+00   0.000000e+00   0.000000e+00   0.000000e+00   0.000000e+00   0.000000e+00   0.000000e+00   0.000000e+00   0.000000e+00   0.000000e+00   0.000000e+00   0.000000e+00   0.000000e+00   0.000000e+00
         3.1500   1.000000e+00   8.901910e-18   2.815159e-57  9.575750e-237   0.000000e+00   0.000000e+00   0.000000e+00   0.000000e+00   0.000000e+00   0.000000e+00   0.000000e+00   0.000000e+00   0.000000e+00   0.000000e+00   0.000000e+00   0.000000e+00   0.000000e+00   0.000000e+00   0.000000e+00   0.000000e+00   0.000000e+00
         3.2000   1.000000e+00   2.441216e-15   3.559034e-50  7.891664e-210   0.000000e+00   0.000000e+00   0.000000e+00   0.000000e+00   0.000000e+00   0.000000e+00   0.000000e+00   0.000000e+00   0.000000e+00   0.000000e+00   0.000000e+00   0.000000e+00   0.000000e+00   0.000000e+00   0.000000e+00   0.000000e+00   0.000000e+00
         3.2500   1.000000e+00   3.699171e-13   7.843552e-44  8.057536e-186   0.000000e+00   0.000000e+00   0.000000e+00   0.000000e+00   0.000000e+00   0.000000e+00   0.000000e+00   0.000000e+00   0.000000e+00   0.000000e+00   0.000000e+00   0.000000e+00   0.000000e+00   0.000000e+00   0.000000e+00   0.000000e+00   0.000000e+00
         3.3000   1.000000e+00   3.303433e-11   3.643301e-38  2.110295e-164   0.000000e+00   0.000000e+00   0.000000e+00   0.000000e+00   0.000000e+00   0.000000e+00   0.000000e+00   0.000000e+00   0.000000e+00   0.000000e+00   0.000000e+00   0.000000e+00   0.000000e+00   0.000000e+00   0.000000e+00   0.000000e+00   0.000000e+00
         3.3500   1.000000e+00   1.840177e-09   4.221687e-33  2.710258e-145  4.599149e-295   0.000000e+00   0.000000e+00   0.000000e+00   0.000000e+00   0.000000e+00   0.000000e+00   0.000000e+00   0.000000e+00   0.000000e+00   0.000000e+00   0.000000e+00   0.000000e+00   0.000000e+00   0.000000e+00   0.000000e+00   0.000000e+00
         3.4000   9.999999e-01   6.709104e-08   1.414552e-28  3.033240e-128  1.757623e-261   0.000000e+00   0.000000e+00   0.000000e+00   0.000000e+00   0.000000e+00   0.000000e+00   0.000000e+00   0.000000e+00   0.000000e+00   0.000000e+00   0.000000e+00   0.000000e+00   0.000000e+00   0.000000e+00   0.000000e+00   0.000000e+00
         3.4500   9.999983e-01   1.657375e-06   1.550540e-24  4.897879e-113  1.567800e-231   0.000000e+00   0.000000e+00   0.000000e+00   0.000000e+00   0.000000e+00   0.000000e+00   0.000000e+00   0.000000e+00   0.000000e+00   0.000000e+00   0.000000e+00   0.000000e+00   0.000000e+00   0.000000e+00   0.000000e+00   0.000000e+00
         3.5000   9.999720e-01   2.804352e-05   6.083253e-21   1.752960e-99  7.852392e-205   0.000000e+00   0.000000e+00   0.000000e+00   0.000000e+00   0.000000e+00   0.000000e+00   0.000000e+00   0.000000e+00   0.000000e+00   0.000000e+00   0.000000e+00   0.000000e+00   0.000000e+00   0.000000e+00   0.000000e+00   0.000000e+00
         3.5500   9.996818e-01   3.181868e-04   8.973765e-18   1.976813e-87  4.681841e-181  2.127028e-300   0.000000e+00   0.000000e+00   0.000000e+00   0.000000e+00   0.000000e+00   0.000000e+00   0.000000e+00   0.000000e+00   0.000000e+00   0.000000e+00   0.000000e+00   0.000000e+00   0.000000e+00   0.000000e+00   0.000000e+00
         3.6000   9.976461e-01   2.353898e-03   5.153468e-15   9.522925e-77  6.433225e-160  3.580658e-266   0.000000e+00   0.000000e+00   0.000000e+00   0.000000e+00   0.000000e+00   0.000000e+00   0.000000e+00   0.000000e+00   0.000000e+00   0.000000e+00   0.000000e+00   0.000000e+00   0.000000e+00   0.000000e+00   0.000000e+00
         3.6500   9.883430e-01   1.165702e-02   1.251012e-12   2.705734e-67  3.863908e-141  9.961104e-236   0.000000e+00   0.000000e+00   0.000000e+00   0.000000e+00   0.000000e+00   0.000000e+00   0.000000e+00   0.000000e+00   0.000000e+00   0.000000e+00   0.000000e+00   0.000000e+00   0.000000e+00   0.000000e+00   0.000000e+00
         3.7000   9.580519e-01   4.194806e-02   1.464723e-10   6.409195e-59  1.902855e-124  1.227221e-208  1.243795e-318   0.000000e+00   0.000000e+00   0.000000e+00   0.000000e+00   0.000000e+00   0.000000e+00   0.000000e+00   0.000000e+00   0.000000e+00   0.000000e+00   0.000000e+00   0.000000e+00   0.000000e+00   0.000000e+00
         3.7500   8.826237e-01   1.173763e-01   9.253560e-09   1.713707e-51  1.338846e-109  1.605408e-184  1.569892e-282   0.000000e+00   0.000000e+00   0.000000e+00   0.000000e+00   0.000000e+00   0.000000e+00   0.000000e+00   0.000000e+00   0.000000e+00   0.000000e+00   0.000000e+00   0.000000e+00   0.000000e+00   0.000000e+00
         3.8000   7.396331e-01   2.603666e-01   3.345942e-07   6.503574e-45   2.119071e-96  4.669997e-163  2.241936e-250   0.000000e+00   0.000000e+00   0.000000e+00   0.000000e+00   0.000000e+00   0.000000e+00   0.000000e+00   0.000000e+00   0.000000e+00   0.000000e+00   0.000000e+00   0.000000e+00   0.000000e+00   0.000000e+00
         3.8500   5.430073e-01   4.569855e-01   7.159653e-06   4.215023e-39   1.109460e-84  5.729201e-144  9.492298e-222  1.521550e-312   0.000000e+00   0.000000e+00   0.000000e+00   0.000000e+00   0.000000e+00   0.000000e+00   0.000000e+00   0.000000e+00   0.000000e+00   0.000000e+00   0.000000e+00   0.000000e+00   0.000000e+00
         3.9000   3.502386e-01   6.496656e-01   9.577481e-05   5.641493e-34   2.778811e-74  5.377321e-127  2.882847e-196  3.645938e-277   0.000000e+00   0.000000e+00   0.000000e+00   0.000000e+00   0.000000e+00   0.000000e+00   0.000000e+00   0.000000e+00   0.000000e+00   0.000000e+00   0.000000e+00   0.000000e+00   0.000000e+00
         3.9500   2.073272e-01   7.918010e-01   8.718502e-04   1.914745e-29   4.796395e-65  6.804071e-112  1.430344e-173  1.217539e-245   0.000000e+00   0.000000e+00   0.000000e+00   0.000000e+00   0.000000e+00   0.000000e+00   0.000000e+00   0.000000e+00   0.000000e+00   0.000000e+00   0.000000e+00   0.000000e+00   0.000000e+00
         4.0000   1.181502e-01   8.759866e-01   5.863198e-03   1.992028e-25   7.952503e-57   1.934855e-98  2.429371e-153  1.551475e-217  5.551106e-292   0.000000e+00   0.000000e+00   0.000000e+00   0.000000e+00   0.000000e+00   0.000000e+00   0.000000e+00   0.000000e+00   0.000000e+00   0.000000e+00   0.000000e+00   0.000000e+00
         4.0500   6.607766e-02   9.033363e-01   3.058608e-02   7.341461e-22   1.662049e-49   1.901949e-86  2.664050e-135  1.804507e-192  8.441614e-259   0.000000e+00   0.000000e+00   0.000000e+00   0.000000e+00   0.000000e+00   0.000000e+00   0.000000e+00   0.000000e+00   0.000000e+00   0.000000e+00   0.000000e+00   0.000000e+00
         4.1000   3.498012e-02   8.425140e-01   1.225059e-01   1.033415e-18   5.286823e-43   8.984053e-76  3.145231e-119  3.944779e-170  3.178556e-229  1.563584e-304   0.000000e+00   0.000000e+00   0.000000e+00   0.000000e+00   0.000000e+00   0.000000e+00   0.000000e+00   0.000000e+00   0.000000e+00   0.000000e+00   0.000000e+00
         4.1500   1.568752e-02   6.393201e-01   3.449924e-01   5.491535e-16   2.797738e-37   2.525883e-66  5.824908e-105  2.848352e-150  6.494919e-203  5.625748e-270   0.000000e+00   0.000000e+00   0.000000e+00   0.000000e+00   0.000000e+00   0.000000e+00   0.000000e+00   0.000000e+00   0.000000e+00   0.000000e+00   0.000000e+00
         4.2000   5.419997e-03   3.605378e-01   6.340422e-01   1.094519e-13   2.676133e-32   5.131742e-58   2.374919e-92  1.126418e-132  1.455411e-179  2.812759e-239  2.372239e-306   0.000000e+00   0.000000e+00   0.000000e+00   0.000000e+00   0.000000e+00   0.000000e+00   0.000000e+00   0.000000e+00   0.000000e+00   0.000000e+00
         4.2500   1.555014e-03   1.635161e-01   8.349289e-01   9.544157e-12   5.843027e-28   1.050172e-50   3.381933e-81  4.492069e-117  7.859052e-159  5.370077e-212  1.047831e-271   0.000000e+00   0.000000e+00   0.000000e+00   0.000000e+00   0.000000e+00   0.000000e+00   0.000000e+00   0.000000e+00   0.000000e+00   0.000000e+00
         4.3000   4.302571e-04   6.950834e-02   9.300614e-01   4.536553e-10   3.892662e-24   3.160107e-44   2.756114e-71  3.382797e-103  2.242125e-140  1.047340e-187  7.590175e-241   0.000000e+00   0.000000e+00   0.000000e+00   0.000000e+00   0.000000e+00   0.000000e+00   0.000000e+00   0.000000e+00   0.000000e+00   0.000000e+00
         4.3500   1.252299e-04   3.030198e-02   9.695728e-01   1.363883e-08   9.771144e-21   1.868126e-38   1.903736e-62   8.033626e-91  6.493469e-124  4.787083e-166  2.523768e-213   0.000000e+00   0.000000e+00   0.000000e+00   0.000000e+00   0.000000e+00   0.000000e+00   0.000000e+00   0.000000e+00   0.000000e+00   0.000000e+00
         4.4000   3.953339e-05   1.400835e-02   9.859518e-01   2.818390e-07   1.060155e-17   2.670936e-33   1.504044e-54   9.046587e-80  3.250336e-109  1.022623e-146  9.172021e-189  1.892748e-307   0.000000e+00   0.000000e+00   0.000000e+00   0.000000e+00   0.000000e+00   0.000000e+00   0.000000e+00   0.000000e+00   0.000000e+00
         4.4500   1.367135e-05   6.953460e-03   9.930287e-01   4.206611e-06   5.459419e-15   1.080373e-28   1.725117e-47   6.757623e-70   4.390389e-96  1.835719e-129  7.671887e-167  1.492743e-272   0.000000e+00   0.000000e+00   0.000000e+00   0.000000e+00   0.000000e+00   0.000000e+00   0.000000e+00   0.000000e+00   0.000000e+00
         4.5000   5.226544e-06   3.748696e-03   9.961995e-01   4.659113e-05   1.407482e-12   1.379998e-24   3.447113e-41   4.382179e-61   2.307156e-84  4.527721e-114  2.780050e-147  2.011036e-241   0.000000e+00   0.000000e+00   0.000000e+00   0.000000e+00   0.000000e+00   0.000000e+00   0.000000e+00   0.000000e+00   0.000000e+00
         4.5500   2.246604e-06   2.237128e-03   9.973786e-01   3.820693e-04   1.805561e-10   5.816852e-21   1.336064e-35   2.967633e-53   6.178332e-74  2.248293e-100  7.249944e-130  1.092885e-213  2.028312e-307   0.000000e+00   0.000000e+00   0.000000e+00   0.000000e+00   0.000000e+00   0.000000e+00   0.000000e+00   0.000000e+00
         4.6000   1.110166e-06   1.513695e-03   9.962559e-01   2.229284e-03   1.071048e-08   7.856626e-18   1.030826e-30   2.303574e-46   9.975164e-65   2.939003e-88  1.989730e-114  4.793415e-189  1.501483e-272   0.000000e+00   0.000000e+00   0.000000e+00   0.000000e+00   0.000000e+00   0.000000e+00   0.000000e+00   0.000000e+00
         4.6500   6.373178e-07   1.175391e-03   9.899575e-01   8.866156e-03   2.787279e-07   3.347155e-15   1.632439e-26   2.241285e-40   1.134766e-56   1.292874e-77  8.116204e-101  3.168748e-167  1.318827e-241  4.940656e-324   0.000000e+00   0.000000e+00   0.000000e+00   0.000000e+00   0.000000e+00   0.000000e+00   0.000000e+00
         4.7000   4.165379e-07   1.028044e-03   9.741645e-01   2.480351e-02   3.524291e-06   5.134722e-13   6.301752e-23   3.419307e-35   1.207404e-49   2.755079e-68   7.741061e-89  6.370824e-148  3.656468e-214  7.420004e-288   0.000000e+00   0.000000e+00   0.000000e+00   0.000000e+00   0.000000e+00   0.000000e+00   0.000000e+00
         4.7500   2.968270e-07   9.710258e-04   9.450292e-01   5.397274e-02   2.673992e-05   3.585682e-11   7.750694e-20   1.114226e-30   1.727098e-43   4.400096e-60   2.890971e-78  8.142340e-131  8.556336e-190  1.744641e-255   0.000000e+00   0.000000e+00   0.000000e+00   0.000000e+00   0.000000e+00   0.000000e+00   0.000000e+00
         4.8000   2.192866e-07   9.425929e-04   8.989567e-01   9.995513e-02   1.453439e-04   1.384788e-09   3.796084e-17   1.010154e-26   4.543637e-38   7.703467e-53   6.635376e-69  1.264758e-115  4.023448e-168  1.131577e-226  1.444530e-292   0.000000e+00   0.000000e+00   0.000000e+00   0.000000e+00   0.000000e+00   0.000000e+00
         4.8500   1.616294e-07   9.057456e-04   8.329679e-01   1.655013e-01   6.248519e-04   3.325256e-08   8.593863e-15   3.070329e-23   2.771688e-33   1.979967e-46   1.334813e-60  4.057866e-102  7.854223e-149  5.188487e-201  9.481636e-260  4.940656e-324   0.000000e+00   0.000000e+00   0.000000e+00   0.000000e+00   0.000000e+00
         4.9000   1.159047e-07   8.409482e-04   7.466252e-01   2.503029e-01   2.230387e-03   5.313561e-07   9.926222e-13   3.554020e-20   4.642568e-29   9.337788e-41   3.111046e-53   4.154134e-90  1.169518e-131  3.742059e-178  1.657996e-230  5.118404e-288   0.000000e+00   0.000000e+00   0.000000e+00   0.000000e+00   0.000000e+00
         4.9500   7.913643e-08   7.387877e-04   6.436230e-01   3.488442e-01   6.788051e-03   5.942270e-06   6.341458e-11   1.755727e-17   2.485513e-25   9.866997e-36   1.078318e-46   2.000157e-79  2.283839e-116  8.650913e-158  1.908731e-204  9.713204e-256  5.565881e-312   0.000000e+00   0.000000e+00   0.000000e+00   0.000000e+00
         5.0000   5.125462e-08   6.119129e-04   5.314404e-01   4.499668e-01   1.793204e-02   4.877838e-05   2.431386e-09   4.206052e-15   5.001673e-22   2.865125e-31   7.127356e-41   6.568151e-70  9.720960e-103  1.239125e-139  3.318424e-181  5.948264e-227  3.768923e-277   0.000000e+00   0.000000e+00   0.000000e+00   0.000000e+00
         5.0500   3.142637e-08   4.769693e-04   4.191462e-01   5.386211e-01   4.144965e-02   3.059307e-04   6.040587e-08   5.345607e-13   4.267849e-19   2.675884e-27   1.094005e-35   1.998914e-61   1.382979e-90  1.929141e-123  1.779261e-160  2.836346e-201  4.426952e-246  4.422181e-296   0.000000e+00   0.000000e+00   0.000000e+00
         5.1000   1.808123e-08   3.470559e-04   3.147847e-01   5.988541e-01   8.450472e-02   1.508390e-03   1.016695e-06   3.868314e-11   1.702877e-16   9.154346e-24   4.600849e-31   7.337622e-54   9.529999e-80  5.334990e-109  5.503846e-142  2.284825e-178  2.304332e-218  5.288936e-263  2.969101e-310   0.000000e+00   0.000000e+00
         5.1500   9.679348e-09   2.339210e-04   2.239596e-01   6.171795e-01   1.526187e-01   5.996173e-03   1.215015e-05   1.709727e-09   3.490316e-14   1.296238e-20   6.181954e-27   4.137963e-47   4.460073e-70   4.093468e-96  1.730548e-125  6.251689e-158  1.236317e-193  1.725251e-233  1.217149e-275   0.000000e+00   0.000000e+00
         5.2000   4.833039e-09   1.464831e-04   1.495539e-01   5.856510e-01   2.449405e-01   1.960100e-02   1.070564e-04   4.972096e-08   4.042270e-12   8.565070e-18   3.077320e-23   4.500958e-41   1.940941e-61   1.314866e-84  9.294801e-111  1.098749e-139  1.472121e-171  3.821815e-207  9.593788e-245   0.000000e+00   0.000000e+00
         5.2500   2.226585e-09   8.428403e-05   9.272812e-02   5.073126e-01   3.459281e-01   5.322307e-02   7.227974e-04   9.893478e-07   2.801185e-10   2.857987e-15   6.297453e-20   1.125507e-35   1.012741e-53   2.488363e-74   1.322164e-97  2.137794e-123  7.527315e-152  1.266196e-183  3.673213e-217   0.000000e+00   0.000000e+00
         5.3000   9.319360e-10   4.388765e-05   5.272048e-02   3.969349e-01   4.271084e-01   1.194693e-01   3.709425e-03   1.351388e-05   1.183899e-08   5.003536e-13   5.629438e-17   7.328731e-31   7.708631e-47   3.652109e-65   7.153552e-86  7.272868e-109  2.894183e-134  1.233011e-162  1.517234e-192  9.881313e-324   0.000000e+00
         5.3500   3.468342e-10   2.025147e-05   2.717281e-02   2.777794e-01   4.581470e-01   2.220971e-01   1.465315e-02   1.299591e-04   3.173378e-07   4.860957e-11   2.372524e-14   1.419256e-26   1.043024e-40   5.435170e-57   2.081918e-75   6.664413e-96  1.413280e-118  6.606456e-144  1.411402e-170  1.062763e-287   0.000000e+00
         5.4000   1.160183e-10   8.373520e-06   1.259723e-02   1.727490e-01   4.255625e-01   3.430642e-01   4.511241e-02   9.006711e-04   5.589237e-06   2.756547e-09   5.050750e-12   9.204003e-23   2.993832e-35   1.042176e-49   4.443512e-66   2.421445e-84  1.400886e-104  3.411782e-127  5.708319e-151  1.767574e-255   0.000000e+00
         5.4500   3.460799e-11   3.078241e-06   5.216215e-03   9.491500e-02   3.424864e-01   4.429244e-01   1.097487e-01   4.638746e-03   6.741587e-05   9.640830e-08   5.834732e-10   2.242712e-19   2.153635e-30   3.215522e-43   9.251040e-58   4.969809e-74   4.321819e-92  2.825600e-112  1.821094e-133  9.998470e-227   0.000000e+00
         5.5000   9.155913e-12   1.000665e-06   1.919387e-03   4.588871e-02   2.378830e-01   4.804236e-01   2.150491e-01   1.825501e-02   5.779634e-04   2.185562e-06   3.900067e-08   2.274594e-16   4.500407e-26   1.943399e-37   2.418813e-50   7.886372e-65   6.065506e-81   5.899570e-99  7.782119e-118  4.597986e-201  3.484349e-290
         5.5500   2.143974e-12   2.872269e-07   6.266725e-04   1.951141e-02   1.425691e-01   4.382727e-01   3.405310e-01   5.490248e-02   3.552039e-03   3.276659e-05   1.556255e-06   1.024945e-13   3.033585e-22   2.667612e-32   9.676859e-44   1.244658e-56   5.282581e-71   4.519673e-87  6.944912e-104  3.634807e-178  9.487592e-258
         5.6000   4.391312e-13   7.200641e-08   1.815945e-04   7.303631e-03   7.395073e-02   3.374322e-01   4.373371e-01   1.274930e-01   1.592916e-02   3.342072e-04   3.837789e-05   2.190386e-11   7.287522e-19   9.544868e-28   7.101912e-38   2.457603e-49   3.784304e-62   1.784077e-76   1.932403e-91  9.675665e-158  8.101788e-229
         5.6500   7.923939e-14   1.588115e-08   4.648056e-05   2.396785e-03   3.311806e-02   2.193464e-01   4.579001e-01   2.311454e-01   5.306185e-02   2.383352e-03   6.016164e-04   2.348013e-09   6.799850e-16   1.003454e-23   1.119834e-32   7.417991e-43   2.854678e-54   4.889979e-67   2.386034e-80  1.572435e-139  5.092332e-203
         5.7000   1.248511e-14   3.053631e-09   1.037579e-05   6.811631e-04   1.266994e-02   1.194063e-01   3.892828e-01   3.275670e-01   1.322442e-01   1.206773e-02   6.070374e-03   1.310767e-07   2.626888e-13   3.403878e-20   4.308381e-28   4.034570e-37   2.786034e-47   1.196847e-58   1.765199e-70  2.613574e-123  4.967785e-180
         5.7500   1.662674e-15   4.953832e-10   1.955926e-06   1.624069e-04   4.016360e-03   5.291563e-02   2.621724e-01   3.556358e-01   2.429849e-01   4.303315e-02   3.907356e-02   3.860879e-06   4.356883e-11   3.966574e-17   4.434380e-24   4.479472e-32   4.134604e-41   3.201694e-51   1.000133e-61  6.882968e-109  1.430481e-159
         5.8000   1.750265e-16   6.339778e-11   2.911883e-07   3.039429e-05   9.881488e-04   1.791426e-02   1.316797e-01   2.795971e-01   3.125694e-01   1.031400e-01   1.540220e-01   5.871634e-05   3.098623e-09   1.623129e-14   1.280575e-20   1.095797e-27   1.040398e-35   1.082058e-44   5.214064e-54   4.095630e-96  2.081466e-141
         5.8500   1.374496e-17   6.039086e-12   3.230279e-08   4.214601e-06   1.787122e-04   4.394889e-03   4.692036e-02   1.526513e-01   2.710280e-01   1.605118e-01   3.638518e-01   4.588229e-04   9.576078e-08   2.411653e-12   1.097268e-17   6.404893e-24   4.954150e-31   5.322937e-39   2.982696e-47   7.649875e-85  2.502343e-125
         5.9000   8.637370e-19   4.591006e-13   2.862126e-09   4.642846e-07   2.544372e-05   8.402817e-04   1.284087e-02   6.269759e-02   1.721664e-01   1.766629e-01   5.726848e-01   2.079832e-03   1.475580e-06   1.519099e-10   3.321674e-15   1.088786e-20   5.572893e-27   4.893151e-34   2.478529e-41   6.803402e-75  4.359220e-111
         5.9500   5.089144e-20   3.263113e-14   2.371995e-10   4.759719e-08   3.341762e-06   1.465289e-04   3.153423e-03   2.261870e-02   9.379020e-02   1.611689e-01   7.125190e-01   6.586011e-03   1.385773e-05   5.033708e-09   4.484665e-13   6.927940e-18   1.948550e-23   1.133457e-29   4.146228e-36   4.507549e-66   1.959511e-98
         6.0000   3.083431e-21   2.378764e-15   2.031846e-11   5.019048e-09   4.478630e-07   2.578650e-05   7.692129e-04   7.950826e-03   4.870933e-02   1.356173e-01   7.901600e-01   1.667496e-02   9.208571e-05   1.032286e-07   3.226067e-11   2.005032e-15   2.623338e-20   8.373382e-26   1.810811e-31   3.214671e-58   3.685356e-87
         6.0500   2.002229e-22   1.854167e-16   1.858535e-12   5.625314e-10   6.332697e-08   4.739844e-06   1.931831e-04   2.827664e-03   2.508405e-02   1.095906e-01   8.256104e-01   3.621677e-02   4.710420e-04   1.442924e-06   1.381129e-09   2.993022e-13   1.568273e-17   2.317953e-22   2.479222e-27   3.263033e-51   4.249543e-77
         6.1000   1.413247e-23   1.567705e-17   1.840919e-13   6.797271e-11   9.587587e-09   9.242525e-07   5.079216e-05   1.036096e-03   1.305909e-02   8.680199e-02   8.274205e-01   6.967450e-02   1.941484e-03   1.456265e-05   3.778109e-08   2.508349e-11   4.598690e-15   2.699951e-19   1.218219e-23   5.880788e-45   4.107264e-68
         6.1500   1.075107e-24   1.425939e-18   1.959153e-14   8.787569e-12   1.543125e-09   1.899632e-07   1.390574e-05   3.895215e-04   6.852227e-03   6.728859e-02   7.980293e-01   1.206751e-01   6.639910e-03   1.105960e-04   6.973589e-07   1.262276e-09   7.167685e-13   1.455070e-16   2.403379e-20   2.272667e-39   4.360316e-60
         6.2000   8.587786e-26   1.359635e-19   2.183655e-15   1.185081e-12   2.575528e-10   4.017163e-08   3.874794e-06   1.470144e-04   3.549714e-03   5.011515e-02   7.369993e-01   1.893329e-01   1.919139e-02   6.514655e-04   9.068682e-06   4.031224e-08   6.350856e-11   3.932291e-14   2.095251e-17   2.219090e-34   6.442962e-53
         6.2500   7.119959e-27   1.343649e-20   2.520711e-16   1.648902e-13   4.410389e-11   8.651617e-09   1.088048e-06   5.520474e-05   1.800840e-03   3.563333e-02   6.438076e-01   2.683252e-01   4.725477e-02   3.035332e-03   8.579347e-05   8.535049e-07   3.378492e-09   5.698619e-12   8.750676e-15   6.307081e-30   1.628880e-46
         6.3000   6.002673e-28   1.348344e-21   2.952552e-17   2.319441e-14   7.595669e-12   1.861037e-09   3.021733e-07   2.025878e-05   8.797089e-04   2.383675e-02   5.234847e-01   3.406198e-01   9.922222e-02   1.131925e-02   6.044619e-04   1.240142e-05   1.128539e-07   4.686480e-10   1.875542e-12   5.900830e-26   8.441901e-41
         6.3500   5.008905e-29   1.337013e-22   3.414848e-18   3.210215e-15   1.280862e-12   3.894602e-10   8.089560e-08   7.087034e-06   4.040467e-04   1.468287e-02   3.886276e-01   3.822540e-01   1.767388e-01   3.393659e-02   3.219587e-03   1.268468e-04   2.451604e-06   2.290864e-08   2.184384e-10   2.019463e-22   1.049330e-35
         6.4000   3.978025e-30   1.259466e-23   3.749092e-19   4.203309e-16   2.034199e-13   7.631234e-11   2.011596e-08   2.278982e-06   1.684532e-04   8.061806e-03   2.580410e-01   3.733300e-01   2.646252e-01   8.173192e-02   1.307320e-02   9.298926e-04   3.558411e-05   6.911528e-07   1.449420e-08   2.767133e-19   3.584848e-31
         6.4500   2.948619e-31   1.105043e-24   3.830454e-20   5.105178e-17   2.983697e-14   1.373272e-11   4.557185e-09   6.611916e-07   6.262737e-05   3.883426e-03   1.502954e-01   3.124495e-01   3.297013e-01   1.576293e-01   4.065996e-02   4.951222e-03   3.526620e-04   1.328227e-05   5.703680e-07   1.642023e-16   3.792841e-27
         6.5000   2.011591e-32   8.904437e-26   3.590932e-21   5.671864e-18   3.986765e-15   2.239354e-12   9.284993e-10   1.709638e-07   2.052803e-05   1.625754e-03   7.561459e-02   2.213544e-01   3.391353e-01   2.429532e-01   9.730191e-02   1.937925e-02   2.433812e-03   1.673018e-04   1.380096e-05   4.527024e-14   1.382789e-23
         6.5500   1.240676e-33   6.472361e-27   3.033711e-22   5.662135e-19   4.769121e-16   3.252901e-13   1.673382e-10   3.878194e-08   5.845348e-06   5.838897e-04   3.248079e-02   1.315493e-01   2.863995e-01   2.990399e-01   1.800173e-01   5.638561e-02   1.190826e-02   1.417458e-03   2.121233e-04   6.175370e-12   1.911117e-20
         6.6000   6.791180e-35   4.165816e-28   2.267216e-23   4.986259e-20   5.015998e-17   4.136053e-14   2.623319e-11   7.599515e-09   1.425085e-06   1.775969e-04   1.177191e-02   6.494131e-02   1.971926e-01   2.930325e-01   2.578607e-01   1.228105e-01   4.184696e-02   8.239823e-03   2.124622e-03   4.392885e-10   1.086312e-17
         6.6500   3.210103e-36   2.310193e-29   1.458430e-24   3.769586e-21   4.513622e-18   4.482060e-15   3.486714e-12   1.253352e-09   2.900947e-07   4.468535e-05   3.528710e-03   2.615040e-02   1.089530e-01   2.257176e-01   2.834223e-01   1.993634e-01   1.057069e-01   3.308599e-02   1.402671e-02   1.688268e-08   2.699810e-15
         6.7000   1.252174e-37   1.055033e-30   7.726383e-26   2.341131e-22   3.325795e-19   3.960910e-16   3.758483e-13   1.665104e-10   4.723611e-08   8.921889e-06   8.471124e-04   8.328926e-03   4.693453e-02   1.331303e-01   2.335571e-01   2.365891e-01   1.890955e-01   9.085282e-02   6.065529e-02   3.557857e-07   3.046933e-13
         6.7500   3.978936e-39   3.917524e-32   3.327802e-27   1.179304e-23   1.981469e-20   2.819155e-17   3.245059e-14   1.760677e-11   6.081632e-09   1.398378e-06   1.591146e-04   2.052365e-03   1.544252e-02   5.902896e-02   1.420312e-01   2.026729e-01   2.374176e-01   1.697716e-01   1.714181e-01   4.179536e-06   1.620251e-11
         6.8000   1.061511e-40   1.219118e-33   1.199734e-28   4.961508e-25   9.831155e-22   1.664794e-18   2.312712e-15   1.527791e-12   6.387628e-10   1.776781e-07   2.416287e-05   4.046964e-04   4.018980e-03   2.041362e-02   6.627340e-02   1.306640e-01   2.188043e-01   2.265235e-01   3.328439e-01   2.924851e-05   4.418434e-10
         6.8500   2.595832e-42   3.471939e-35   3.953934e-30   1.904248e-26   4.437738e-23   8.913287e-20   1.487254e-16   1.189754e-13   5.989101e-11   2.004273e-08   3.250088e-06   7.002038e-05   9.081572e-04   6.053015e-03   2.613232e-02   6.998166e-02   1.638132e-01   2.394839e-01   4.934169e-01   1.374616e-04   7.080382e-09
         6.9000   6.369532e-44   9.906864e-37   1.304357e-31   7.301676e-28   1.996190e-24   4.740191e-21   9.458166e-18   9.116681e-15   5.499247e-12   2.203493e-09   4.251447e-07   1.168033e-05   1.959680e-04   1.694778e-03   9.604200e-03   3.440845e-02   1.103403e-01   2.226561e-01   6.205997e-01   4.883762e-04   7.614497e-08
         6.9500   1.659943e-45   2.998278e-38   4.560058e-33   2.961771e-29   9.476361e-26   2.652434e-22   6.302837e-19   7.286588e-16   5.244446e-13   2.505509e-10   5.740322e-08   1.995088e-06   4.292454e-05   4.768183e-04   3.505792e-03   1.657756e-02   7.151480e-02   1.950981e-01   7.113561e-01   1.425171e-03   6.048944e-07
         7.0000   4.724466e-47   9.897864e-40   1.737610e-34   1.307261e-30   4.884348e-27   1.606938e-23   4.530242e-20   6.254999e-17   5.351117e-14   3.036872e-11   8.247006e-09   3.598957e-07   9.850187e-06   1.392570e-04   1.314484e-03   8.104431e-03   4.625513e-02   1.673154e-01   7.732651e-01   3.592201e-03   3.775855e-06
         7.0500   1.474455e-48   3.578517e-41   7.246342e-36   6.304818e-32   2.745481e-28   1.059063e-24   3.530994e-21   5.800030e-18   5.877847e-15   3.950424e-12   1.273319e-09   6.928340e-08   2.394207e-06   4.271899e-05   5.127972e-04   4.077594e-03   3.032787e-02   1.428947e-01   8.140580e-01   8.064526e-03   1.929517e-05
         7.1000   5.017032e-50   1.408915e-42   3.288420e-37   3.303972e-33   1.673660e-29   7.551940e-26   2.968535e-22   5.780277e-19   6.918278e-16   5.491118e-13   2.108489e-10   1.421117e-08   6.157019e-07   1.375809e-05   2.082249e-04   2.114696e-03   2.022224e-02   1.221603e-01   8.387516e-01   1.644543e-02   8.307551e-05
         7.1500   1.863566e-51   6.048456e-44   1.625992e-38   1.883859e-34   1.108143e-30   5.835925e-27   2.696479e-23   6.203626e-20   8.744007e-17   8.174753e-14   3.732222e-11   3.096956e-09   1.671100e-07   4.642775e-06   8.788327e-05   1.129612e-03   1.371518e-02   1.046530e-01   8.492523e-01   3.084953e-02   3.076902e-04
         7.2000   7.477779e-53   2.801845e-45   8.669120e-40   1.156647e-35   7.887597e-32   4.838292e-28   2.620547e-24   7.101840e-21   1.175763e-17   1.291699e-14   6.998085e-12   7.108354e-10   4.747687e-08   1.629111e-06   3.828341e-05   6.175920e-04   9.412433e-03   8.951809e-02   8.457119e-01   5.370387e-02   9.961779e-04
         7.2500   3.182775e-54   1.375228e-46   4.893864e-41   7.509604e-37   5.927626e-33   4.227048e-29   2.677073e-25   8.522544e-22   1.653377e-18   2.129918e-15   1.366622e-12   1.690071e-10   1.389483e-08   5.854385e-07   1.697042e-05   3.411485e-04   6.464274e-03   7.583555e-02   8.272063e-01   8.728050e-02   2.854622e-03
         7.3000   1.426537e-55   7.100543e-48   2.904097e-42   5.118936e-38   4.670100e-34   3.864774e-30   2.855413e-26   1.065142e-22   2.416147e-19   3.642634e-16   2.762649e-13   4.138299e-11   4.165529e-09   2.142917e-07   7.614570e-06   1.894045e-04   4.421181e-03   6.333234e-02   7.919085e-01   1.328365e-01   7.304330e-03
         7.3500   6.657392e-57   3.813406e-49   1.791337e-43   3.622682e-39   3.814658e-35   3.657455e-31   3.145695e-27   1.371749e-23   3.631118e-20   6.395168e-17   5.722199e-14   1.033231e-11   1.266977e-09   7.916865e-08   3.428598e-06   1.048370e-04   2.989437e-03   5.181685e-02   7.386975e-01   1.895896e-01   1.679830e-02
         7.4000   3.195726e-58   2.104540e-50   1.134689e-44   2.629727e-40   3.191831e-36   3.540131e-32   3.537406e-28   1.799418e-24   5.548191e-21   1.139610e-17   1.200830e-14   2.601795e-12   3.868276e-10   2.921943e-08   1.534108e-06   5.731870e-05   1.981790e-03   4.124301e-02   6.680518e-01   2.537800e-01   3.488452e-02
         7.4500   1.546498e-59   1.169798e-51   7.234471e-46   1.919255e-41   2.681724e-37   3.435753e-33   3.981163e-29   2.357691e-25   8.453207e-22   2.021812e-18   2.504582e-15   6.483656e-13   1.163946e-10   1.058568e-08   6.709358e-07   3.048711e-05   1.271147e-03   3.161338e-02   5.829412e-01   3.184848e-01   6.565830e-02
         7.5000   7.518088e-61   6.526020e-53   4.626503e-47   1.403447e-42   2.254756e-38   3.332309e-34   4.469948e-30   3.076195e-26   1.280483e-22   3.560981e-19   5.177478e-16   1.594999e-13   3.442659e-11   3.754340e-09   2.859988e-07   1.572822e-05   7.865720e-04   2.326372e-02   4.888763e-01   3.746639e-01   1.123935e-01
         7.5500   3.665408e-62   3.648042e-54   2.962905e-48   1.026637e-43   1.894230e-39   3.225206e-35   5.000096e-31   3.991950e-27   1.926295e-23   6.220014e-20   1.059647e-16   3.870394e-14   1.000363e-11   1.303030e-09   1.188026e-07   7.869670e-06   4.696048e-04   1.643626e-02   3.934125e-01   4.138394e-01   1.758342e-01
         7.6000   1.788445e-63   2.039103e-55   1.896302e-49   7.497455e-45   1.586905e-40   3.109039e-36   5.562231e-32   5.143543e-28   2.873219e-24   1.075808e-20   2.143737e-17   9.251774e-15   2.852665e-12   4.421975e-10   4.806442e-08   3.818055e-06   2.705964e-04   1.116128e-02   3.042762e-01   4.310629e-01   2.532252e-01
         7.6500   8.746953e-65   1.141536e-56   1.214892e-50   5.475369e-46   1.327999e-41   2.990358e-37   6.164883e-33   6.593287e-29   4.257973e-25   1.846361e-21   4.295960e-18   2.183555e-15   8.003228e-13   1.471333e-10   1.899602e-08   1.802053e-06   1.510605e-04   7.316646e-03   2.272366e-01   4.263773e-01   3.389166e-01
         7.7000   4.287366e-66   6.399566e-58   7.790391e-52   3.998304e-47   1.110070e-42   2.869801e-38   6.808395e-34   8.409769e-30   6.271024e-26   3.145383e-22   8.530413e-19   5.090858e-16   2.211058e-13   4.806801e-11   7.349191e-09   8.297516e-07   8.201020e-05   4.654322e-03   1.649829e-01   4.040234e-01   4.262565e-01
         7.7500   2.103911e-67   3.589109e-59   4.995158e-53   2.916668e-48   9.260141e-44   2.745699e-39   7.486865e-35   1.066687e-30   9.173469e-27   5.316059e-23   1.677638e-19   1.172158e-16   6.014489e-14   1.542095e-11   2.784620e-09   3.731240e-07   4.339589e-05   2.884547e-03   1.173451e-01   3.701883e-01   5.095382e-01
         7.8000   1.048225e-68   2.042209e-60   3.248040e-54   2.155603e-49   7.818785e-45   2.656489e-40   8.316640e-36   1.365068e-31   1.352501e-27   9.046235e-24   3.322897e-20   2.710950e-17   1.638425e-14   4.940517e-12   1.050534e-09   1.664973e-07   2.271720e-05   1.764145e-03   8.235638e-02   3.308327e-01   5.850239e-01
         7.8500   5.334961e-70   1.186219e-61   2.155066e-55   1.624101e-50   6.723751e-46   2.615263e-41   9.389797e-37   1.773505e-32   2.022297e-28   1.559496e-24   6.658603e-21   6.327714e-18   4.491842e-15   1.588750e-12   3.967081e-10   7.413200e-08   1.183344e-05   1.071236e-03   5.738603e-02   2.905197e-01   6.510112e-01
         7.9000   2.782233e-71   7.055560e-63   1.463618e-56   1.251371e-51   5.907653e-47   2.628331e-42   1.081093e-37   2.347146e-33   3.077145e-29   2.733069e-25   1.354444e-21   1.495924e-18   1.244028e-15   5.148465e-13   1.505722e-10   3.307754e-08   6.161807e-06   6.489676e-04   3.988977e-02   2.521531e-01   7.073019e-01
         7.9500   1.489267e-72   4.304719e-64   1.019244e-57   9.877497e-53   5.312771e-48   2.701456e-43   1.271734e-38   3.170545e-34   4.774507e-30   4.879431e-26   2.802787e-22   3.590246e-19   3.489346e-16   1.685842e-13   5.760880e-11   1.483659e-08   3.217990e-06   3.936125e-04   2.775594e-02   2.172612e-01   7.545860e-01
         8.0000   8.188720e-74   2.696289e-65   7.284215e-59   7.994087e-54   4.894573e-49   2.842342e-44   1.530005e-39   4.376020e-35   7.562696e-31   8.884845e-27   5.907662e-23   8.760023e-20   9.927936e-17   5.587774e-14   2.226097e-11   6.703963e-09   1.689440e-06   2.395978e-04   1.937744e-02   1.864245e-01   7.939567e-01
         8.0500   4.625288e-75   1.733898e-66   5.342906e-60   6.634200e-55   4.620008e-50   3.061847e-45   1.882992e-40   6.173022e-36   1.223313e-31   1.650660e-27   1.268925e-23   2.174273e-20   2.867548e-17   1.876504e-14   8.697388e-12   3.055521e-09   8.929269e-07   1.466040e-04   1.359284e-02   1.596553e-01   8.266044e-01
         8.1000   2.668157e-76   1.138151e-67   3.999022e-61   5.613009e-56   4.442252e-51   3.357672e-46   2.357256e-41   8.850311e-37   2.009563e-32   3.111733e-28   2.762473e-24   5.460795e-21   8.367129e-18   6.356703e-15   3.422701e-12   1.400397e-09   4.740617e-07   9.007699e-05   9.588304e-03   1.366673e-01   8.536538e-01
         8.1500   1.569258e-77   7.613197e-69   3.049240e-62   4.833559e-57   4.343903e-52   3.742347e-47   2.997062e-42   1.287696e-37   3.347661e-33   5.943952e-29   6.087396e-25   1.386201e-21   2.463462e-18   2.169623e-15   1.355135e-12   6.447201e-10   2.526103e-07   5.554661e-05   6.803503e-03   1.170468e-01   8.760939e-01
         8.2000   9.456886e-79   5.215516e-70   2.380509e-63   4.257705e-58   4.341627e-53   4.260871e-48   3.889879e-43   1.911198e-38   5.684868e-34   1.156535e-29   1.365065e-25   3.576157e-22   7.359001e-19   7.501905e-16   5.426600e-13   2.996483e-10   1.356867e-07   3.448303e-05   4.856023e-03   1.003494e-01   8.947600e-01
         8.2500   5.830998e-80   3.654020e-71   1.900094e-64   3.830901e-59   4.428983e-54   4.948832e-49   5.146970e-44   2.889892e-39   9.828861e-35   2.289473e-30   3.111476e-26   9.366862e-23   2.228522e-19   2.625779e-16   2.196433e-13   1.405238e-10   7.343965e-08   2.154486e-05   3.485673e-03   8.615122e-02   9.103415e-01
         8.3000   3.673148e-81   2.614314e-72   1.548401e-65   3.515678e-60   4.604722e-55   5.855211e-50   6.933449e-45   4.445994e-40   1.727969e-35   4.605421e-31   7.200150e-27   2.488191e-23   6.834604e-20   9.295198e-17   8.978678e-14   6.645073e-11   4.003106e-08   1.354207e-05   2.515267e-03   7.407098e-02   9.234002e-01
         8.3500   2.360607e-82   1.907462e-73   1.286467e-66   3.286185e-61   4.872409e-56   7.047359e-51   9.496376e-46   6.950502e-41   3.085212e-36   9.402517e-32   1.689554e-27   6.696031e-24   2.120710e-20   3.324922e-17   3.703898e-14   3.166344e-11   2.196209e-08   8.558591e-06   1.823742e-03   6.377735e-02   9.343903e-01
         8.4000   1.545830e-83   1.417548e-74   1.088423e-67   3.124735e-62   5.240683e-57   8.618499e-52   1.320911e-46   1.102905e-41   5.588327e-37   1.946295e-32   4.016235e-28   1.823828e-24   6.651828e-21   1.200823e-17   1.540793e-14   1.519329e-11   1.212034e-08   5.435848e-06   1.327967e-03   5.498817e-02   9.436784e-01
         8.4500   1.030228e-84   1.071746e-75   9.366432e-69   3.018909e-63   5.722835e-58   1.069664e-52   1.863814e-47   1.774431e-42   1.025808e-37   4.080560e-33   9.661682e-29   5.023136e-25   2.107227e-21   4.375209e-18   6.458741e-15   7.336641e-12   6.724533e-09   3.467662e-06   9.705140e-04   4.746601e-02   9.515600e-01
         8.5000   6.979975e-86   8.234587e-77   8.189473e-70   2.960144e-64   6.337531e-59   1.345836e-53   2.664900e-48   2.891548e-43   1.906362e-38   8.656861e-34   2.350014e-29   1.397675e-25   6.736455e-22   1.606957e-18   2.726201e-15   3.562979e-12   3.748465e-09   2.220539e-06   7.114507e-04   4.101244e-02   9.582739e-01
         8.5500   4.802807e-87   6.423428e-78   7.268188e-71   2.942829e-65   7.110052e-60   1.714889e-54   3.857394e-49   4.768186e-44   3.583554e-39   1.856784e-34   5.774556e-30   3.925912e-26   2.171639e-22   5.945714e-19   1.157991e-15   1.739217e-12   2.098235e-09   1.426583e-06   5.228179e-04   3.546218e-02   9.640136e-01
         8.6000   3.352843e-88   5.081946e-79   6.541110e-72   2.963136e-66   8.072494e-61   2.210692e-55   5.646842e-50   7.948863e-45   6.807430e-40   4.022798e-35   1.432256e-30   1.112282e-26   7.054110e-23   2.214546e-19   4.946520e-16   8.528122e-13   1.178723e-09   9.189775e-07   3.849053e-04   3.067774e-02   9.689364e-01
         8.6500   2.372200e-89   4.073627e-80   5.963279e-73   3.018583e-67   9.265030e-62   2.880055e-56   8.351435e-51   1.338272e-45   1.305520e-40   8.795209e-36   3.582440e-31   3.175750e-27   2.306940e-23   8.296831e-20   2.123401e-16   4.197865e-13   6.641393e-10   5.932315e-07   2.837227e-04   2.654466e-02   9.731710e-01
         8.7000   1.699225e-90   3.304976e-81   5.501462e-74   3.107746e-68   1.073759e-62   3.787732e-57   1.246518e-51   2.273111e-46   2.525088e-41   1.938607e-36   9.027888e-32   9.129360e-28   7.589284e-24   3.124222e-20   9.153410e-17   2.072944e-13   3.750789e-10   3.835258e-07   2.092742e-04   2.296751e-02   9.768228e-01
         8.7500   1.231009e-91   2.711106e-82   5.130839e-75   3.230065e-69   1.255187e-63   5.023342e-58   1.875680e-52   3.891220e-47   4.920671e-42   4.303617e-37   2.289989e-32   2.639989e-28   2.509367e-24   1.181480e-20   3.959408e-17   1.026210e-13   2.121914e-10   2.481745e-07   1.543732e-04   1.986655e-02   9.799788e-01
         8.8000   9.008845e-93   2.245990e-83   4.831822e-76   3.385072e-70   1.478110e-64   6.709718e-59   2.841939e-53   6.705372e-48   9.649835e-43   9.611308e-38   5.840386e-33   7.671260e-29   8.331027e-25   4.483086e-21   1.717239e-17   5.089491e-14   1.201709e-10   1.606413e-07   1.138218e-04   1.717488e-02   9.827111e-01
         8.8500   6.628560e-94   1.870261e-84   4.572965e-77   3.559917e-71   1.745071e-65   8.983207e-60   4.315129e-54   1.157625e-48   1.895432e-43   2.149277e-38   1.490673e-33   2.229574e-29   2.764684e-25   1.699491e-21   7.437444e-18   2.519480e-14   6.792264e-11   1.037931e-07   8.383969e-05   1.483620e-02   9.850799e-01
         8.9000   4.916874e-95   1.569686e-85   4.361485e-78   3.766896e-72   2.070943e-66   1.208709e-60   6.583427e-55   2.007638e-49   3.739057e-44   4.825539e-39   3.818156e-34   6.499660e-30   9.196124e-26   6.453612e-22   3.224642e-18   1.247659e-14   3.838007e-11   6.700030e-08   6.166391e-05   1.280295e-02   9.871353e-01
