# CIE ionization fractions for Mg (Z=12)
# Source: CHIANTI v11.0.2 chianti.ioneq (Dere et al. 2009)
# T grid: 101 log-spaced points, 10^4.00 K -> 10^9.00 K
# Generated by pyathena/photchem/data/build_ioneq_tables.py
#
# log_T_K        x_Mg0          x_Mg1          x_Mg2          x_Mg3          x_Mg4          x_Mg5          x_Mg6          x_Mg7          x_Mg8          x_Mg9          x_Mg10         x_Mg11         x_Mg12       
         4.0000   5.412284e-02   9.455983e-01   2.788889e-04   2.875813e-48  6.462806e-107  1.125311e-182  3.060331e-281   0.000000e+00   0.000000e+00   0.000000e+00   0.000000e+00   0.000000e+00   0.000000e+00
         4.0500   5.759812e-02   9.403038e-01   2.098122e-03   3.431584e-42   4.846630e-94  3.223993e-161  1.028887e-248   0.000000e+00   0.000000e+00   0.000000e+00   0.000000e+00   0.000000e+00   0.000000e+00
         4.1000   5.643819e-02   9.316078e-01   1.195404e-02   8.570673e-37   1.404223e-82  4.269029e-142  1.023106e-219  5.460779e-313   0.000000e+00   0.000000e+00   0.000000e+00   0.000000e+00   0.000000e+00
         4.1500   4.950263e-02   8.977404e-01   5.275697e-02   5.272074e-32   2.224612e-72  4.657196e-125  7.227555e-194  1.156163e-276   0.000000e+00   0.000000e+00   0.000000e+00   0.000000e+00   0.000000e+00
         4.2000   3.606458e-02   7.770533e-01   1.868822e-01   9.375592e-28   2.664968e-63  7.101960e-110  8.014381e-171  2.838671e-244   0.000000e+00   0.000000e+00   0.000000e+00   0.000000e+00   0.000000e+00
         4.2500   1.894189e-02   5.171996e-01   4.638586e-01   4.701533e-24   2.721928e-55   2.041992e-96  2.371416e-150  1.806933e-215  2.222461e-292   0.000000e+00   0.000000e+00   0.000000e+00   0.000000e+00
         4.3000   6.851535e-03   2.482669e-01   7.448816e-01   6.773663e-21   2.742981e-48   1.493225e-84  3.080416e-132  6.193056e-190  3.752288e-258   0.000000e+00   0.000000e+00   0.000000e+00   0.000000e+00
         4.3500   2.017898e-03   9.982464e-02   8.981575e-01   3.550560e-18   3.858237e-42   4.454437e-74  3.325857e-116  2.625162e-167  8.635300e-228  1.405299e-302   0.000000e+00   0.000000e+00   0.000000e+00
         4.4000   5.750280e-04   3.939476e-02   9.600302e-01   8.633045e-16   1.062635e-36   8.402998e-65  5.316462e-102  2.894614e-147  6.919886e-201  2.668767e-267   0.000000e+00   0.000000e+00   0.000000e+00
         4.4500   1.714553e-04   1.634114e-02   9.834874e-01   1.126307e-13   7.200299e-32   1.375076e-56   1.963483e-89  1.529678e-129  4.238543e-177  4.246161e-236  1.791577e-302  7.611081e-320   0.000000e+00
         4.5000   5.481691e-05   7.256629e-03   9.926886e-01   8.830883e-12   1.480519e-27   2.656932e-49   2.617137e-78  7.262645e-114  4.492461e-156  1.615734e-208  1.721202e-267   0.000000e+00   0.000000e+00
         4.5500   1.887475e-05   3.452706e-03   9.965284e-01   4.431498e-10   1.047802e-23   7.730258e-43   1.860065e-68  5.500775e-100  1.797591e-137  4.075963e-184  1.594172e-236   0.000000e+00   0.000000e+00
         4.6000   6.982092e-06   1.752666e-03   9.982403e-01   1.443686e-08   2.678967e-20   4.003617e-37   9.588541e-60   1.063604e-87  5.283815e-121  1.658355e-162  4.332574e-209   0.000000e+00   0.000000e+00
         4.6500   2.762409e-06   9.442682e-04   9.990527e-01   3.174281e-07   2.742995e-17   4.530359e-32   4.963854e-52   8.307907e-77  2.130464e-106  2.461226e-143  9.608969e-185   0.000000e+00   0.000000e+00
         4.7000   1.164083e-06   5.376823e-04   9.994563e-01   4.869612e-06   1.233368e-14   1.329946e-27   3.382146e-45   3.829446e-67   1.970725e-93  2.617223e-126  4.097558e-163   0.000000e+00   0.000000e+00
         4.7500   5.214806e-07   3.231019e-04   9.996228e-01   5.355882e-05   2.629105e-12   1.162621e-23   3.772791e-39   1.417206e-58   6.364727e-82  3.479124e-111  6.855112e-144  9.903588e-303   0.000000e+00
         4.8000   2.489292e-07   2.055415e-04   9.993633e-01   4.309514e-04   2.823066e-10   3.378790e-20   8.220037e-34   5.421233e-51   1.015971e-71   9.212284e-98  8.201908e-127  2.058669e-268   0.000000e+00
         4.8500   1.276232e-07   1.396740e-04   9.972847e-01   2.575475e-03   1.609065e-08   3.591513e-17   4.070984e-29   2.667094e-44   1.082650e-62   7.280418e-86  1.181549e-111  6.932286e-238   0.000000e+00
         4.9000   7.096549e-08   1.025345e-04   9.882806e-01   1.161626e-02   5.146230e-07   1.537276e-14   5.300367e-25   2.073697e-38   1.017235e-54   2.485650e-75   3.284095e-98  9.705667e-211   0.000000e+00
         4.9500   4.275929e-08   8.139167e-05   9.595613e-01   4.034740e-02   9.833019e-06   2.934610e-12   2.101861e-21   3.122579e-33   1.101144e-47   5.194922e-66   2.729051e-86  1.330798e-186  8.545922e-299
         5.0000   2.716057e-08   6.812669e-05   8.898914e-01   1.099213e-01   1.191817e-04   2.754760e-10   2.919997e-18   1.103519e-28   1.762765e-41   9.165561e-58   1.011890e-75  3.871398e-165  3.338634e-265
         5.0500   1.839403e-08   5.704508e-05   7.617745e-01   2.372086e-01   9.598346e-04   1.378679e-08   1.603691e-15   1.083384e-24   5.202953e-36   1.813463e-50   2.385080e-66  4.743575e-146  2.672157e-235
         5.1000   1.182387e-08   4.516465e-05   5.855847e-01   4.090319e-01   5.337818e-03   3.940226e-07   3.870593e-13   3.428690e-21   3.442662e-31   5.174508e-44   4.890368e-58  4.501744e-129  1.119701e-208
         5.1500   6.988130e-09   3.274434e-05   4.023729e-01   5.761383e-01   2.144913e-02   6.903674e-06   4.557474e-11   4.033039e-18   6.138882e-27   2.689882e-38   1.164451e-50  5.747668e-114  5.720196e-185
         5.2000   3.770608e-09   2.158359e-05   2.503325e-01   6.841138e-01   6.545250e-02   7.961321e-05   2.894363e-09   2.014681e-15   3.498938e-23   3.156731e-33   4.190913e-44  1.624676e-100  7.613229e-164
         5.2500   1.850929e-09   1.288964e-05   1.422287e-01   6.998621e-01   1.572586e-01   6.376215e-04   1.072756e-07   4.758545e-13   7.335273e-20   1.000446e-28   2.849048e-38   1.565910e-88  5.131368e-145
         5.3000   8.178610e-10   6.900789e-06   7.349249e-02   6.202222e-01   3.026158e-01   3.660209e-03   2.445929e-06   5.741210e-11   6.291072e-17   9.855507e-25   4.377982e-33   7.419112e-78  3.107110e-128
         5.3500   3.230408e-10   3.289426e-06   3.439681e-02   4.776790e-01   4.724470e-01   1.543811e-02   3.579506e-05   3.771048e-09   2.413154e-14   3.400705e-21   1.774020e-28   2.379728e-68  2.800477e-113
         5.4000   1.148211e-10   1.405639e-06   1.469363e-02   3.240508e-01   6.115176e-01   4.938421e-02   3.522004e-04   1.438683e-07   4.516629e-12   4.605625e-18   2.190710e-24   6.923997e-60  5.935751e-100
         5.4500   3.711480e-11   5.442724e-07   5.792263e-03   1.967071e-01   6.714230e-01   1.236393e-01   2.434428e-03   3.384141e-06   4.465653e-10   2.713522e-15   9.392701e-21   2.375321e-52   4.453863e-88
         5.5000   1.091350e-11   1.910554e-07   2.107052e-03   1.072738e-01   6.317797e-01   2.466255e-01   1.216259e-02   5.119921e-05   2.475124e-08   7.535001e-13   1.552365e-17   1.199659e-45   1.683760e-77
         5.5500   2.889083e-12   6.018247e-08   6.993970e-04   5.214668e-02   5.083158e-01   3.937770e-01   4.454884e-02   5.114184e-04   8.012944e-07   1.046285e-10   1.072467e-14   1.074035e-39   4.339197e-68
         5.6000   6.812167e-13   1.683348e-08   2.093506e-04   2.239566e-02   3.483468e-01   5.045854e-01   1.209992e-01   3.447862e-03   1.569149e-05   7.644061e-09   3.322727e-12   2.007509e-34   9.961322e-60
         5.6500   1.426208e-13   4.168560e-09   5.626423e-05   8.481778e-03   2.038451e-01   5.234364e-01   2.478771e-01   1.611000e-02   1.930517e-04   3.094779e-07   4.947353e-10   9.122915e-30   2.602502e-52
         5.7000   2.665362e-14   9.189251e-10   1.363207e-05   2.850239e-03   1.028860e-01   4.465964e-01   3.922012e-01   5.388798e-02   1.557234e-03   7.336299e-06   3.798654e-08   1.164775e-25   9.711370e-46
         5.7500   4.489588e-15   1.821064e-10   3.002264e-06   8.584602e-04   4.539644e-02   3.193699e-01   4.921019e-01   1.335589e-01   8.602264e-03   1.075481e-04   1.610544e-06   4.779398e-22   6.372787e-40
         5.8000   6.863250e-16   3.267336e-11   6.041941e-07   2.333148e-04   1.768174e-02   1.942838e-01   5.004087e-01   2.525462e-01   3.378315e-02   1.022484e-03   4.002839e-05   7.096710e-19   8.841914e-35
         5.8500   9.506087e-17   5.299509e-12   1.108108e-07   5.713998e-05   6.086799e-03   1.011253e-01   4.174163e-01   3.713228e-01   9.684673e-02   6.533872e-03   6.110592e-04   4.210590e-16   3.036419e-30
         5.9000   1.179071e-17   7.681358e-13   1.829267e-08   1.246815e-05   1.835185e-03   4.481129e-02   2.857979e-01   4.274796e-01   2.054485e-01   2.869872e-02   5.916327e-03   1.080114e-13   2.941946e-26
         5.9500   1.273318e-18   9.675206e-14   2.641153e-09   2.357597e-06   4.722244e-04   1.653115e-02   1.578415e-01   3.808379e-01   3.207182e-01   8.685922e-02   3.673740e-02   1.262890e-11   8.880847e-23
         6.0000   1.135023e-19   1.004096e-14   3.156888e-10   3.659327e-07   9.838582e-05   4.831322e-03   6.719692e-02   2.522205e-01   3.558822e-01   1.762957e-01   1.434747e-01   6.849772e-10   8.860015e-20
         6.0500   8.006707e-21   8.232841e-16   2.990814e-11   4.466720e-08   1.592227e-05   1.075979e-03   2.128754e-02   1.204234e-01   2.735795e-01   2.354761e-01   3.481414e-01   1.759789e-08   3.094910e-17
         6.1000   4.726754e-22   5.640426e-17   2.373898e-12   4.534775e-09   2.119322e-06   1.937943e-04   5.341778e-03   4.429785e-02   1.564143e-01   2.235788e-01   5.701711e-01   2.395731e-07   4.376096e-15
         6.1500   2.654015e-23   3.670107e-18   1.793536e-13   4.352637e-10   2.640045e-07   3.218279e-05   1.213631e-03   1.439886e-02   7.659140e-02   1.747251e-01   7.330365e-01   2.063096e-06   3.078808e-13
         6.2000   1.565738e-24   2.505735e-19   1.424493e-14   4.364174e-11   3.403862e-08   5.458734e-06   2.771451e-04   4.604629e-03   3.589221e-02   1.261754e-01   8.330322e-01   1.294809e-05   1.274599e-11
         6.2500   1.019113e-25   1.885086e-20   1.248163e-15   4.798780e-12   4.772361e-09   9.949730e-07   6.705038e-05   1.530897e-03   1.706335e-02   8.960733e-02   8.916660e-01   6.438113e-05   3.454830e-10
         6.3000   7.465889e-27   1.594299e-21   1.229223e-16   5.897305e-13   7.419772e-10   1.989742e-07   1.757321e-05   5.422635e-04   8.456347e-03   6.451880e-02   9.261990e-01   2.658200e-04   6.560796e-09
         6.3500   6.195680e-28   1.525732e-22   1.368283e-17   8.147482e-14   1.287477e-10   4.398268e-08   5.033405e-06   2.068255e-04   4.425874e-03   4.784004e-02   9.465845e-01   9.375660e-04   9.147415e-08
         6.4000   5.826258e-29   1.652854e-23   1.721266e-18   1.265601e-14   2.494913e-11   1.076245e-08   1.579664e-06   8.529951e-05   2.461520e-03   3.683061e-02   9.577424e-01   2.877559e-03   9.696789e-07
         6.4500   6.178597e-30   2.017324e-24   2.435055e-19   2.200140e-15   5.376784e-12   2.905441e-09   5.418854e-07   3.800093e-05   1.455651e-03   2.950347e-02   9.612117e-01   7.782617e-03   8.031372e-06
         6.5000   7.310288e-31   2.744608e-25   3.834940e-20   4.238267e-16   1.276516e-12   8.577711e-10   2.015674e-07   1.816328e-05   9.103121e-04   2.448809e-02   9.558209e-01   1.870924e-02   5.311452e-05
         6.5500   9.502081e-32   4.099016e-26   6.625723e-21   8.917387e-17   3.291872e-13   2.732313e-10   8.026852e-08   9.204321e-06   5.955954e-04   2.085481e-02   9.380463e-01   4.020861e-02   2.854053e-04
         6.6000   1.328438e-32   6.579718e-27   1.230160e-21   2.007804e-17   9.037444e-14   9.209139e-11   3.358317e-08   4.857519e-06   4.008836e-04   1.794403e-02   9.028434e-01   7.754304e-02   1.263780e-03
         6.6500   1.954415e-33   1.110741e-27   2.400773e-22   4.732958e-18   2.584905e-14   3.215511e-11   1.446093e-08   2.617095e-06   2.723770e-04   1.532602e-02   8.452273e-01   1.345065e-01   4.665221e-03
         6.7000   2.965704e-34   1.932909e-28   4.823273e-23   1.144165e-18   7.547091e-15   1.140104e-11   6.284990e-09   1.412598e-06   1.834936e-04   1.277737e-02   7.624316e-01   2.101127e-01   1.449343e-02
         6.7500   4.544207e-35   3.394848e-29   9.761035e-24   2.776033e-19   2.202045e-15   4.020351e-12   2.701767e-09   7.490866e-07   1.202964e-04   1.022402e-02   6.559031e-01   2.955790e-01   3.817284e-02
         6.8000   6.864763e-36   5.876090e-30   1.942274e-24   6.599272e-20   6.269940e-16   1.377388e-12   1.122765e-09   3.817353e-07   7.513135e-05   7.708211e-03   5.324992e-01   3.740237e-01   8.569338e-02
         6.8500   1.011239e-36   9.914468e-31   3.758118e-25   1.520370e-20   1.723585e-16   4.536982e-13   4.464514e-10   1.850789e-07   4.429212e-05   5.428156e-03   4.043508e-01   4.253880e-01   1.647885e-01
         6.9000   1.438709e-37   1.615185e-31   7.005381e-26   3.363627e-21   4.533762e-17   1.424451e-13   1.684593e-10   8.470467e-08   2.447419e-05   3.551565e-03   2.862298e-01   4.363745e-01   2.738196e-01
         6.9500   1.977375e-38   2.541438e-32   1.258878e-26   7.152088e-22   1.142380e-17   4.268832e-14   6.042718e-11   3.667707e-08   1.271411e-05   2.169111e-03   1.899718e-01   4.083713e-01   3.994751e-01
         7.0000   2.630691e-39   3.870214e-33   2.185978e-27   1.465271e-22   2.764980e-18   1.224957e-14   2.068153e-11   1.509363e-08   6.242439e-06   1.247894e-03   1.199229e-01   3.552680e-01   5.235549e-01
         7.0500   3.465053e-40   5.834547e-34   3.752772e-28   2.959863e-23   6.578954e-19   3.444790e-15   6.912163e-12   6.040226e-09   2.965853e-06   6.915843e-04   7.332653e-02   2.936558e-01   6.323231e-01
         7.1000   4.586381e-41   8.838533e-35   6.466689e-29   5.986137e-24   1.562949e-19   9.644128e-16   2.292217e-12   2.389036e-09   1.386687e-06   3.758462e-04   4.417130e-02   2.352498e-01   7.202017e-01
         7.1500   6.166127e-42   1.359994e-35   1.130823e-29   1.225661e-24   3.749451e-20   2.719057e-16   7.631311e-13   9.451599e-10   6.460373e-07   2.029726e-04   2.655690e-02   1.854676e-01   7.877719e-01
         7.2000   8.477708e-43   2.140123e-36   2.020914e-30   2.558911e-25   9.149918e-21   7.778670e-17   2.570453e-13   3.770225e-10   3.024416e-07   1.099137e-04   1.607399e-02   1.454156e-01   8.384002e-01
         7.2500   1.189139e-43   3.436113e-37   3.683090e-31   5.436597e-26   2.267585e-21   2.255212e-17   8.754243e-14   1.516691e-10   1.423598e-07   5.984314e-05   9.844754e-03   1.141397e-01   8.759555e-01
         7.3000   1.706041e-44   5.643563e-38   6.864065e-32   1.178785e-26   5.723430e-22   6.645338e-18   3.023028e-14   6.169716e-11   6.757953e-08   3.285483e-05   6.117587e-03   9.004085e-02   9.038086e-01
         7.3500   2.515721e-45   9.528520e-39   1.314596e-32   2.621619e-27   1.478926e-22   2.000731e-18   1.064175e-14   2.551435e-11   3.253634e-08   1.827518e-05   3.861196e-03   7.153757e-02   9.245829e-01
         7.4000   3.811278e-46   1.653162e-39   2.585555e-33   5.977102e-28   3.910694e-23   6.152857e-19   3.818339e-15   1.072703e-11   1.589204e-08   1.030423e-05   2.475612e-03   5.729866e-02   9.402154e-01
         7.4500   5.927054e-47   2.944834e-40   5.216599e-34   1.395617e-28   1.057312e-23   1.931330e-19   1.395619e-15   4.583229e-12   7.873221e-09   5.888743e-06   1.611642e-03   4.627997e-02   9.521025e-01
         7.5000   9.450514e-48   5.379736e-41   1.078243e-34   3.333226e-29   2.919521e-24   6.181507e-20   5.191770e-16   1.988661e-12   3.954240e-09   3.409536e-06   1.064510e-03   3.768966e-02   9.612424e-01
         7.5500   1.542981e-48   1.006622e-41   2.280067e-35   8.132712e-30   8.223818e-25   2.015254e-20   1.963874e-16   8.756098e-13   2.012066e-09   1.998845e-06   7.127297e-04   3.093638e-02   9.683489e-01
         7.6000   2.575855e-49   1.926435e-42   4.925612e-36   2.024414e-30   2.360244e-25   6.684570e-21   7.546079e-17   3.908823e-13   1.036514e-09   1.185685e-06   4.832389e-04   2.558087e-02   9.739347e-01
         7.6500   4.364722e-50   3.743274e-43   1.079303e-36   5.104868e-31   6.854507e-26   2.241224e-21   2.927698e-17   1.759863e-13   5.378113e-10   7.091153e-07   3.314526e-04   2.129667e-02   9.783712e-01
         7.7000   7.521716e-51   7.399757e-44   2.403904e-37   1.306915e-31   2.018654e-26   7.610952e-22   1.148906e-17   8.002207e-14   2.814865e-10   4.277942e-07   2.297577e-04   1.784022e-02   9.819296e-01
         7.7500   1.319143e-51   1.489185e-44   5.446666e-38   3.399955e-32   6.034370e-27   2.620479e-22   4.565363e-18   3.678978e-14   1.487963e-10   2.605191e-07   1.608006e-04   1.502872e-02   9.848102e-01
         7.8000   2.351055e-52   3.046734e-45   1.253778e-38   8.977001e-33   1.828895e-27   9.137749e-23   1.835096e-18   1.708558e-14   7.937262e-11   1.600202e-07   1.135194e-04   1.272405e-02   9.871623e-01
         7.8500   4.252543e-53   6.328492e-46   2.928562e-39   2.402816e-33   5.613853e-28   3.223814e-23   7.454510e-19   8.008261e-15   4.269185e-11   9.905907e-08   8.076663e-05   1.082101e-02   9.890981e-01
         7.9000   7.796946e-54   1.332991e-46   6.933472e-40   6.513074e-34   1.743491e-28   1.149667e-23   3.057609e-19   3.785383e-15   2.313651e-11   6.175531e-08   5.786355e-05   9.238856e-03   9.907032e-01
         7.9500   1.447483e-54   2.844098e-47   1.662161e-40   1.786135e-34   5.473636e-29   4.140787e-24   1.265349e-19   1.803170e-15   1.262538e-11   3.874516e-08   4.170984e-05   7.915129e-03   9.920431e-01
         8.0000   2.718019e-55   6.140372e-48   4.030833e-41   4.951099e-35   1.735591e-29   1.505031e-24   5.279257e-20   8.649960e-16   6.932677e-12   2.444729e-08   3.022714e-05   6.801116e-03   9.931686e-01
         8.0500   5.157096e-56   1.340131e-48   9.879004e-42   1.386016e-35   5.553605e-30   5.515984e-25   2.218994e-20   4.175935e-16   3.828244e-12   1.550365e-08   2.200694e-05   5.858536e-03   9.941194e-01
         8.1000   9.877686e-57   2.953863e-49   2.444793e-42   3.915164e-36   1.791910e-30   2.037014e-25   9.389929e-21   2.027602e-16   2.124643e-12   9.875530e-09   1.608492e-05   5.057080e-03   9.949268e-01
         8.1500   1.908039e-57   6.569220e-50   6.103721e-43   1.115017e-36   5.825395e-31   7.574138e-26   3.997508e-21   9.895211e-17   1.184399e-12   6.314543e-09   1.179448e-05   4.372577e-03   9.956156e-01
         8.2000   3.713543e-58   1.472684e-50   1.535974e-43   3.198873e-37   1.906588e-31   2.833442e-26   1.710934e-21   4.850678e-17   6.627802e-13   4.050513e-09   8.670717e-06   3.785613e-03   9.962057e-01
         8.2500   7.275337e-59   3.324881e-51   3.892491e-44   9.237051e-38   6.277214e-32   1.065646e-26   7.356829e-22   2.386914e-17   3.720780e-13   2.604954e-09   6.386659e-06   3.280494e-03   9.967131e-01
         8.3000   1.433452e-59   7.552996e-52   9.925427e-45   2.682458e-38   2.077382e-32   4.026315e-27   3.175859e-22   1.178286e-17   2.094238e-13   1.678617e-09   4.710552e-06   2.844446e-03   9.971508e-01
         8.3500   2.835507e-60   1.723437e-52   2.542266e-45   7.821417e-39   6.899691e-33   1.526039e-27   1.374585e-22   5.828353e-18   1.180478e-13   1.082885e-09   3.476937e-06   2.467009e-03   9.975295e-01
         8.4000   5.619061e-61   3.941632e-53   6.527223e-46   2.285035e-39   2.295190e-33   5.790499e-28   5.953493e-23   2.883496e-18   6.651783e-14   6.983099e-10   2.566890e-06   2.139567e-03   9.978579e-01
         8.4500   1.116716e-61   9.045342e-54   1.681699e-46   6.696488e-40   7.655663e-34   2.202191e-28   2.583127e-23   1.428281e-18   3.750770e-14   4.503994e-10   1.894405e-06   1.854973e-03   9.981431e-01
         8.5000   2.223912e-62   2.081112e-54   4.344553e-47   1.967102e-40   2.558686e-34   8.388611e-29   1.122058e-23   7.078958e-19   2.115220e-14   2.903993e-10   1.396933e-06   1.607269e-03   9.983913e-01
         8.5500   4.434652e-63   4.796909e-55   1.124613e-47   5.788007e-41   8.563133e-35   3.198488e-29   4.876606e-24   3.508650e-19   1.192359e-14   1.870762e-10   1.028748e-06   1.391454e-03   9.986075e-01
         8.6000   8.848402e-64   1.106935e-55   2.914940e-48   1.704799e-41   2.867883e-35   1.220006e-29   2.119378e-24   1.738187e-19   6.715147e-15   1.203536e-10   7.562751e-07   1.203308e-03   9.987959e-01
         8.6500   1.765483e-64   2.555697e-56   7.560751e-49   5.023540e-42   9.606481e-36   4.652798e-30   9.206001e-25   8.602712e-20   3.776660e-15   7.729114e-11   5.547624e-07   1.039243e-03   9.989602e-01
         8.7000   3.520533e-65   5.900363e-57   1.961419e-49   1.480166e-42   3.216783e-36   1.773338e-30   3.994904e-25   4.251772e-20   2.120253e-15   4.952905e-11   4.059034e-07   8.961977e-04   9.991034e-01
         8.7500   7.012521e-66   1.361465e-57   5.086601e-50   4.358782e-43   1.076297e-36   6.751511e-31   1.731135e-25   2.097623e-20   1.187769e-15   3.165861e-11   2.961227e-07   7.715365e-04   9.992282e-01
         8.8000   1.394638e-66   3.138305e-58   1.318086e-50   1.282298e-43   3.596814e-37   2.566683e-31   7.488301e-26   1.032656e-20   6.637413e-16   2.017834e-11   2.153337e-07   6.629838e-04   9.993368e-01
         8.8500   2.768132e-67   7.223737e-59   3.411453e-51   3.767124e-44   1.200088e-37   9.739725e-32   3.232309e-26   5.071247e-21   3.698770e-16   1.282074e-11   1.560323e-07   5.685619e-04   9.994313e-01
         8.9000   5.481240e-68   1.659729e-59   8.815505e-52   1.104757e-44   3.996340e-38   3.687872e-32   1.391807e-26   2.483549e-21   2.054872e-16   8.118142e-12   1.126323e-07   4.865446e-04   9.995133e-01
         8.9500   1.082385e-68   3.805095e-60   2.273599e-52   3.233043e-45   1.327773e-38   1.392910e-32   5.976576e-27   1.212577e-21   1.137809e-16   5.121646e-12   8.097564e-08   4.154189e-04   9.995845e-01
         9.0000   2.130868e-69   8.701780e-61   5.850616e-53   9.438680e-46   4.400162e-39   5.246453e-33   2.558685e-27   5.900873e-22   6.277853e-17   3.218676e-12   5.796941e-08   3.538539e-04   9.996461e-01
