# CIE ionization fractions for Ne (Z=10)
# Source: CHIANTI v11.0.2 chianti.ioneq (Dere et al. 2009)
# T grid: 101 log-spaced points, 10^4.00 K -> 10^9.00 K
# Generated by pyathena/photchem/data/build_ioneq_tables.py
#
# log_T_K        x_Ne0          x_Ne1          x_Ne2          x_Ne3          x_Ne4          x_Ne5          x_Ne6          x_Ne7          x_Ne8          x_Ne9          x_Ne10       
         4.0000   9.999998e-01   1.877035e-07   3.108274e-25   3.698703e-55  1.890955e-102  4.403021e-165  1.393046e-244   0.000000e+00   0.000000e+00   0.000000e+00   0.000000e+00
         4.0500   9.999967e-01   3.315818e-06   1.113548e-21   4.658212e-48   5.757265e-90  1.279304e-145  2.198853e-216  3.772338e-309   0.000000e+00   0.000000e+00   0.000000e+00
         4.1000   9.999565e-01   4.353862e-05   1.694134e-18   1.037795e-41   8.168814e-79  3.070643e-128  3.270886e-191  7.818347e-274   0.000000e+00   0.000000e+00   0.000000e+00
         4.1500   9.995613e-01   4.387290e-04   1.201523e-15   4.941095e-36   7.539106e-69  1.024631e-112  9.748529e-169  2.583568e-242   0.000000e+00   0.000000e+00   0.000000e+00
         4.2000   9.965162e-01   3.483797e-03   4.307764e-13   5.939724e-31   6.083245e-60   7.545005e-99  1.138233e-148  3.511977e-214  5.619958e-290  2.387557e-307   0.000000e+00
         4.2500   9.779263e-01   2.207368e-02   8.298531e-11   2.068562e-26   5.526062e-52   1.830684e-86  9.366062e-131  4.519795e-189  1.534421e-256  6.518766e-274  2.769403e-291
         4.3000   8.921842e-01   1.078158e-01   8.662509e-09   2.252958e-22   6.763205e-45   1.998747e-75  8.763296e-115  1.105500e-166  1.004641e-226   0.000000e+00   0.000000e+00
         4.3500   6.464190e-01   3.535806e-01   4.430294e-07   7.368197e-19   1.173955e-38   1.163160e-65  1.282288e-100  8.575319e-147  3.296763e-200   0.000000e+00   0.000000e+00
         4.4000   3.200765e-01   6.799135e-01   1.000024e-05   6.867234e-16   2.976814e-33   4.130060e-57   3.839432e-88  3.274093e-129  1.028529e-176   0.000000e+00   0.000000e+00
         4.4500   1.230970e-01   8.767864e-01   1.165566e-04   2.229501e-13   1.448857e-28   1.292087e-49   3.827259e-77  1.163985e-113  6.901281e-156   0.000000e+00   0.000000e+00
         4.5000   4.656902e-02   9.525394e-01   8.915375e-04   3.318455e-11   1.897035e-24   5.429476e-43   2.152462e-67  7.464601e-100  2.262728e-137   0.000000e+00   0.000000e+00
         4.5500   1.987359e-02   9.751176e-01   5.008798e-03   2.601806e-09   8.099259e-21   4.000523e-37   9.789180e-59   1.395193e-87  6.751173e-121  2.345547e-291   0.000000e+00
         4.6000   1.010865e-02   9.686467e-01   2.124456e-02   1.126978e-07   1.236268e-17   6.045637e-32   4.571336e-51   1.075725e-76  2.944563e-106  3.461607e-258   0.000000e+00
         4.6500   6.031714e-03   9.257143e-01   6.825124e-02   2.760282e-06   7.163028e-15   2.103904e-27   2.645059e-44   4.559509e-67   2.800700e-93  1.092041e-228   0.000000e+00
         4.7000   3.912375e-03   8.287021e-01   1.673460e-01   3.953859e-05   1.682495e-12   1.889998e-23   2.265831e-38   1.390032e-58   8.404753e-82  1.761917e-202   0.000000e+00
         4.7500   2.529589e-03   6.773245e-01   3.197960e-01   3.499439e-04   1.747384e-10   4.990923e-20   3.465323e-33   3.991797e-51   1.139885e-71  3.260429e-179  3.159153e-302
         4.8000   1.547682e-03   5.022886e-01   4.941024e-01   2.061338e-03   8.949637e-09   4.498578e-17   1.157825e-28   1.422937e-44   9.972301e-63  1.472812e-158  3.073216e-268
         4.8500   8.860257e-04   3.432310e-01   6.471073e-01   8.775472e-03   2.549247e-07   1.623207e-14   1.040515e-24   8.279262e-39   7.946085e-55  3.273989e-140  5.296002e-238
         4.9000   4.782537e-04   2.207996e-01   7.497058e-01   2.901185e-02   4.505962e-06   2.718701e-12   3.050788e-21   1.010766e-33   7.898522e-48  6.737628e-124  4.366035e-211
         4.9500   2.441460e-04   1.350158e-01   7.866754e-01   7.801105e-02   5.356644e-05   2.376640e-10   3.420108e-18   3.193049e-29   1.278102e-41  2.222647e-109  4.115085e-187
         5.0000   1.165099e-04   7.778646e-02   7.479843e-01   1.736639e-01   4.487589e-04   1.175139e-08   1.649323e-15   3.070753e-25   4.165606e-36   1.871180e-96  9.407784e-166
         5.0500   5.090756e-05   4.139010e-02   6.358562e-01   3.199905e-01   2.711977e-03   3.465319e-07   3.729929e-13   1.019269e-21   3.242652e-31   5.968079e-85  1.000365e-146
         5.1000   2.009551e-05   2.006668e-02   4.790751e-01   4.887654e-01   1.206639e-02   6.379507e-06   4.264120e-11   1.302857e-18   7.001094e-27   1.023117e-74  8.817710e-130
         5.1500   7.194591e-06   8.891269e-03   3.220836e-01   6.282042e-01   4.073657e-02   7.719032e-05   2.661684e-09   7.139697e-16   4.836919e-23   1.300134e-65  1.088857e-114
         5.2000   2.360627e-06   3.634024e-03   1.956033e-01   6.924359e-01   1.076795e-01   6.448008e-04   9.743231e-08   1.850240e-13   1.217578e-19   1.634885e-57  3.014099e-101
         5.2500   7.108894e-07   1.370526e-03   1.076042e-01   6.600935e-01   2.270828e-01   3.846073e-03   2.205454e-06   2.447718e-11   1.240124e-16   2.603168e-50   2.812727e-89
         5.3000   1.953086e-07   4.734812e-04   5.333976e-02   5.440695e-01   3.853532e-01   1.673182e-02   3.206447e-05   1.752859e-09   5.557732e-14   6.476286e-44   1.260894e-78
         5.3500   4.890604e-08   1.494845e-04   2.380942e-02   3.891649e-01   5.322794e-01   5.428606e-02   3.106628e-04   7.180014e-08   1.184400e-11   3.044834e-38   3.733551e-69
         5.4000   1.123382e-08   4.335825e-05   9.635105e-03   2.441647e-01   6.091039e-01   1.349640e-01   2.087195e-03   1.779013e-06   1.294944e-09   3.226870e-33   9.765026e-61
         5.4500   2.381653e-09   1.161461e-05   3.557768e-03   1.357335e-01   5.870164e-01   2.635736e-01   1.007906e-02   2.803486e-05   7.774969e-08   9.023291e-29   2.923927e-53
         5.5000   4.676087e-10   2.880674e-06   1.203001e-03   6.732012e-02   4.825383e-01   4.125942e-01   3.604555e-02   2.932234e-04   2.718094e-06   7.644611e-25   1.260315e-46
         5.5500   8.529969e-11   6.629803e-07   3.736578e-04   2.997111e-02   3.422030e-01   5.272227e-01   9.805600e-02   2.114563e-03   5.829677e-05   2.219739e-21   9.591966e-41
         5.6000   1.446450e-11   1.415551e-07   1.066662e-04   1.201542e-02   2.110461e-01   5.578116e-01   2.073634e-01   1.085463e-02   8.020003e-04   2.460578e-18   1.543155e-35
         5.6500   2.259871e-12   2.777764e-08   2.774140e-05   4.310479e-03   1.129714e-01   4.904794e-01   3.444674e-01   4.044524e-02   7.298303e-03   1.136149e-15   6.106277e-31
         5.7000   3.152205e-13   4.853046e-09   6.371363e-06   1.344276e-03   5.118726e-02   3.513371e-01   4.432434e-01   1.087617e-01   4.411989e-02   2.307730e-13   6.646296e-27
         5.7500   3.651994e-14   7.021650e-10   1.202598e-06   3.398003e-04   1.836713e-02   1.927031e-01   4.174608e-01   2.009435e-01   1.701844e-01   2.071380e-11   2.103621e-23
         5.8000   3.285068e-15   7.861737e-11   1.743909e-07   6.518572e-05   4.901356e-03   7.631562e-02   2.726727e-01   2.433139e-01   4.027311e-01   8.221352e-10   2.027627e-20
         5.8500   2.430542e-16   7.213393e-12   2.058181e-08   1.006710e-05   1.034495e-03   2.329233e-02   1.324028e-01   2.082540e-01   6.350063e-01   1.623854e-08   6.975380e-18
         5.9000   1.711807e-17   6.275844e-13   2.288326e-09   1.450432e-06   2.005710e-04   6.383647e-03   5.590112e-02   1.481834e-01   7.893296e-01   1.949293e-07   1.084456e-15
         5.9500   1.275404e-18   5.753623e-14   2.664372e-10   2.169446e-07   3.982677e-05   1.756468e-03   2.302269e-02   9.882987e-02   8.763493e-01   1.657184e-06   9.169596e-14
         6.0000   1.052066e-19   5.817329e-15   3.401154e-11   3.529929e-08   8.499943e-06   5.104146e-04   9.759991e-03   6.548266e-02   9.242275e-01   1.087842e-05   4.731413e-12
         6.0500   9.747076e-21   6.581075e-16   4.830732e-12   6.345842e-09   1.982926e-06   1.596328e-04   4.352031e-03   4.421720e-02   9.512113e-01   5.789164e-05   1.604731e-10
         6.1000   1.017365e-21   8.357146e-17   7.660304e-13   1.265511e-09   5.082838e-07   5.411042e-05   2.060428e-03   3.081852e-02   9.668089e-01   2.575187e-04   3.773798e-09
         6.1500   1.196533e-22   1.191615e-17   1.356882e-13   2.801999e-10   1.434223e-07   1.994742e-05   1.041436e-03   2.235613e-02   9.756044e-01   9.778482e-04   6.413210e-08
         6.2000   1.584308e-23   1.906086e-18   2.682902e-14   6.885723e-11   4.456341e-08   8.009839e-06   5.639327e-04   1.697641e-02   9.792340e-01   3.216793e-03   8.139170e-07
         6.2500   2.353551e-24   3.408495e-19   5.902231e-15   1.872592e-11   1.521161e-08   3.498844e-06   3.272525e-04   1.352144e-02   9.768815e-01   9.258370e-03   7.917269e-06
         6.3000   3.884009e-25   6.746940e-20   1.430816e-15   5.583727e-12   5.654910e-09   1.649738e-06   2.022117e-04   1.123915e-02   9.650540e-01   2.344280e-02   6.021623e-05
         6.3500   6.999504e-26   1.453325e-20   3.758211e-16   1.795735e-12   2.253319e-09   8.271045e-07   1.312027e-04   9.623009e-03   9.375561e-01   5.232540e-02   3.634349e-04
         6.4000   1.345616e-26   3.328207e-21   1.045139e-16   6.087670e-13   9.411277e-10   4.315031e-07   8.756456e-05   8.320237e-03   8.868957e-01   1.029357e-01   1.760343e-03
         6.4500   2.684209e-27   7.882739e-22   2.994132e-17   2.117045e-13   4.010593e-10   2.281722e-07   5.860602e-05   7.092072e-03   8.075606e-01   1.783795e-01   6.909056e-03
         6.5000   5.423096e-28   1.885035e-22   8.627786e-18   7.375570e-14   1.703325e-10   1.195025e-07   3.847211e-05   5.832479e-03   6.995731e-01   2.723766e-01   2.217925e-02
         6.5500   1.084910e-28   4.450251e-23   2.445567e-18   2.518066e-14   7.054012e-11   6.067681e-08   2.426580e-05   4.538682e-03   5.699941e-01   3.667000e-01   5.874298e-02
         6.6000   2.101943e-29   1.014636e-23   6.671370e-19   8.244243e-15   2.788317e-11   2.924746e-08   1.441188e-05   3.282060e-03   4.319999e-01   4.353827e-01   1.293209e-01
         6.6500   3.882398e-30   2.199597e-24   1.724698e-19   2.549505e-15   1.036442e-11   1.319079e-08   7.949386e-06   2.178815e-03   3.022332e-01   4.568943e-01   2.386857e-01
         6.7000   6.826556e-31   4.528267e-25   4.220743e-20   7.440374e-16   3.620750e-12   5.565360e-09   4.073911e-06   1.329849e-03   1.955119e-01   4.280047e-01   3.751495e-01
         6.7500   1.153483e-31   8.938054e-26   9.873682e-21   2.069585e-16   1.201105e-12   2.220249e-09   1.961810e-06   7.560415e-04   1.186047e-01   3.654034e-01   5.152340e-01
         6.8000   1.904186e-32   1.720027e-26   2.245515e-21   5.580543e-17   3.849376e-13   8.524199e-10   9.040459e-07   4.087054e-04   6.898703e-02   2.922092e-01   6.383942e-01
         6.8500   3.121618e-33   3.280687e-27   5.048109e-22   1.483293e-17   1.212104e-13   3.203868e-10   4.058224e-07   2.142927e-04   3.934569e-02   2.247535e-01   7.356862e-01
         6.9000   5.187814e-34   6.332159e-28   1.145540e-22   3.968859e-18   3.829893e-14   1.204171e-10   1.813889e-07   1.113748e-04   2.238951e-02   1.697216e-01   8.077773e-01
         6.9500   8.825429e-35   1.248960e-28   2.650228e-23   1.079853e-18   1.226705e-14   4.572658e-11   8.160228e-08   5.806016e-05   1.285655e-02   1.275766e-01   8.595087e-01
         7.0000   1.544639e-35   2.530375e-29   6.284026e-24   3.003804e-19   4.005168e-15   1.764459e-11   3.717738e-08   3.057081e-05   7.497440e-03   9.625511e-02   8.962168e-01
         7.0500   2.786746e-36   5.276371e-30   1.530394e-24   8.562213e-20   1.336308e-15   6.936951e-12   1.720515e-08   1.631811e-05   4.453906e-03   7.323055e-02   9.222992e-01
         7.1000   5.146108e-37   1.124515e-30   3.801883e-25   2.484288e-20   4.526530e-16   2.761092e-12   8.039634e-09   8.802785e-06   2.698082e-03   5.630620e-02   9.409869e-01
         7.1500   9.777057e-38   2.462320e-31   9.686057e-26   7.377596e-21   1.565538e-16   1.119150e-12   3.816726e-09   4.819581e-06   1.666455e-03   4.379123e-02   9.545375e-01
         7.2000   1.910315e-38   5.537643e-32   2.530160e-26   2.242305e-21   5.528944e-17   4.620665e-13   1.841865e-09   2.680035e-06   1.048623e-03   3.445126e-02   9.644974e-01
         7.2500   3.832051e-39   1.277027e-32   6.766119e-27   6.965386e-22   1.991478e-17   1.941232e-13   9.027947e-10   1.512672e-06   6.715164e-04   2.740523e-02   9.719217e-01
         7.3000   7.878107e-40   3.014648e-33   1.849401e-27   2.208190e-22   7.306428e-18   8.289368e-14   4.490326e-10   8.659096e-07   4.370898e-04   2.202884e-02   9.775332e-01
         7.3500   1.657175e-40   7.273734e-34   5.159241e-28   7.134901e-23   2.727283e-18   3.594277e-14   2.264226e-10   5.022817e-07   2.888090e-04   1.787924e-02   9.818315e-01
         7.4000   3.560997e-41   1.790993e-34   1.466808e-28   2.346494e-23   1.034604e-18   1.581068e-14   1.156448e-10   2.949803e-07   1.934796e-04   1.464056e-02   9.851657e-01
         7.4500   7.802636e-42   4.492497e-35   4.242938e-29   7.842397e-24   3.983391e-19   7.047438e-15   5.975914e-11   1.752380e-07   1.312570e-04   1.208563e-02   9.877829e-01
         7.5000   1.731260e-42   1.140130e-35   1.240196e-29   2.645619e-24   1.546337e-19   3.162738e-15   3.104439e-11   1.047879e-07   9.006952e-05   1.004956e-02   9.898603e-01
         7.5500   3.907577e-43   2.941016e-36   3.679322e-30   9.048832e-25   6.080320e-20   1.435842e-15   1.629123e-11   6.327497e-08   6.245032e-05   8.411402e-03   9.915261e-01
         7.6000   8.968644e-44   7.708931e-37   1.106653e-30   3.134529e-25   2.419218e-20   6.588041e-16   8.628908e-12   3.855049e-08   4.370729e-05   7.081588e-03   9.928747e-01
         7.6500   2.096380e-44   2.056468e-37   3.371019e-31   1.098560e-25   9.730299e-21   3.052230e-16   4.609367e-12   2.367850e-08   3.084770e-05   5.993069e-03   9.939761e-01
         7.7000   5.018061e-45   5.614427e-38   1.038931e-31   3.891673e-26   3.952594e-21   1.426652e-16   2.481331e-12   1.465114e-08   2.193579e-05   5.095169e-03   9.948829e-01
         7.7500   1.245654e-45   1.588697e-38   3.236694e-32   1.392334e-26   1.620271e-21   6.722434e-17   1.345234e-12   9.125933e-09   1.570285e-05   4.349214e-03   9.956351e-01
         7.8000   3.275185e-46   4.759189e-39   1.018456e-32   5.026925e-27   6.697428e-22   3.191019e-17   7.340222e-13   5.718522e-09   1.130712e-05   3.725412e-03   9.962633e-01
         7.8500   9.345847e-47   1.546570e-39   3.234080e-33   1.830108e-27   2.789431e-22   1.524820e-17   4.028551e-13   3.602538e-09   8.183596e-06   3.200612e-03   9.967912e-01
         7.9000   2.931943e-47   5.523060e-40   1.035603e-33   6.713570e-28   1.169784e-22   7.330093e-18   2.222626e-13   2.280271e-09   5.948954e-06   2.756668e-03   9.972374e-01
         7.9500   1.000217e-47   2.144022e-40   3.341501e-34   2.479849e-28   4.936061e-23   3.542602e-18   1.232008e-13   1.449298e-09   4.340510e-06   2.379242e-03   9.976164e-01
         8.0000   3.602206e-48   8.783517e-41   1.085589e-34   9.216830e-29   2.094308e-23   1.720190e-18   6.857021e-14   9.244051e-10   3.176554e-06   2.056916e-03   9.979399e-01
         8.0500   1.326491e-48   3.678222e-41   3.548504e-35   3.444475e-29   8.928913e-24   8.386936e-19   3.829798e-14   5.913461e-10   2.330289e-06   1.780532e-03   9.982171e-01
         8.1000   4.877861e-49   1.537728e-41   1.166181e-35   1.293458e-29   3.822791e-24   4.103453e-19   2.145257e-14   3.791761e-10   1.712517e-06   1.542693e-03   9.984556e-01
         8.1500   1.766323e-49   6.328948e-42   3.850391e-36   4.877133e-30   1.642516e-24   2.013535e-19   1.204455e-14   2.435616e-10   1.260015e-06   1.337381e-03   9.986614e-01
         8.2000   6.247192e-50   2.543686e-42   1.274711e-36   1.843002e-30   7.069298e-25   9.891076e-20   6.765859e-15   1.565201e-10   9.276549e-07   1.159672e-03   9.988394e-01
         8.2500   2.152967e-50   9.959777e-43   4.229668e-37   6.977038e-31   3.046762e-25   4.862718e-20   3.801534e-15   1.005829e-10   6.830187e-07   1.005509e-03   9.989938e-01
         8.3000   7.232850e-51   3.800845e-43   1.406810e-37   2.646436e-31   1.315156e-25   2.393120e-20   2.136996e-15   6.463902e-11   5.026787e-07   8.715301e-04   9.991280e-01
         8.3500   2.370500e-51   1.414823e-43   4.687152e-38   1.005125e-31   5.682418e-26   1.178304e-20   1.201223e-15   4.152006e-11   3.696138e-07   7.549303e-04   9.992447e-01
         8.4000   7.589315e-52   5.143942e-44   1.563341e-38   3.820200e-32   2.456183e-26   5.801332e-21   6.748350e-16   2.664419e-11   2.713973e-07   6.533559e-04   9.993464e-01
         8.4500   2.377198e-52   1.829517e-44   5.216962e-39   1.452173e-32   1.061532e-26   2.854716e-21   3.787242e-16   1.707390e-11   1.989183e-07   5.648194e-04   9.994350e-01
         8.5000   7.296545e-53   6.375549e-45   1.740905e-39   5.518255e-33   4.585076e-27   1.403372e-21   2.122365e-16   1.092125e-11   1.454723e-07   4.876319e-04   9.995122e-01
         8.5500   2.197959e-53   2.180246e-45   5.806504e-40   2.095243e-33   1.978381e-27   6.889347e-22   1.187190e-16   6.970389e-12   1.061108e-07   4.203499e-04   9.995795e-01
         8.6000   6.507163e-54   7.326956e-46   1.934837e-40   7.945705e-34   8.524105e-28   3.376103e-22   6.626289e-17   4.437486e-12   7.717236e-08   3.617321e-04   9.996382e-01
         8.6500   1.895855e-54   2.422964e-46   6.438586e-41   3.008365e-34   3.666110e-28   1.650967e-22   3.689212e-17   2.816942e-12   5.594353e-08   3.107054e-04   9.996892e-01
         8.7000   5.442207e-55   7.893940e-47   2.138904e-41   1.136774e-34   1.573375e-28   8.053924e-23   2.048242e-17   1.782605e-12   4.041090e-08   2.663371e-04   9.997336e-01
         8.7500   1.540863e-55   2.536467e-47   7.090831e-42   4.285679e-35   6.735841e-29   3.918273e-23   1.133690e-17   1.124228e-12   2.908009e-08   2.278128e-04   9.997722e-01
         8.8000   4.307125e-56   8.045827e-48   2.345159e-42   1.611528e-35   2.875808e-29   1.900567e-23   6.254095e-18   7.064354e-13   2.084214e-08   1.944184e-04   9.998056e-01
         8.8500   1.189649e-56   2.521700e-48   7.735615e-43   6.042436e-36   1.224121e-29   9.188995e-24   3.437922e-18   4.422000e-13   1.487482e-08   1.655259e-04   9.998345e-01
         8.9000   3.249327e-57   7.815099e-49   2.544235e-43   2.258601e-36   5.193817e-30   4.427483e-24   1.882799e-18   2.756856e-13   1.056942e-08   1.405812e-04   9.998594e-01
         8.9500   8.782439e-58   2.396616e-49   8.341914e-44   8.414559e-37   2.196144e-30   2.125542e-24   1.027107e-18   1.711560e-13   7.476205e-09   1.190944e-04   9.998809e-01
         9.0000   2.350500e-58   7.277176e-50   2.726101e-44   3.124014e-37   9.252846e-31   1.016578e-24   5.580493e-19   1.058033e-13   5.263752e-09   1.006319e-04   9.998994e-01
