# CIE ionization fractions for Ne (Z=10)
# Source: CHIANTI v11.0.2 chianti.ioneq (Dere et al. 2009)
# T grid: 101 log-spaced points, 10^4.00 K -> 10^9.00 K
# Generated by pyathena/photchem/data/build_ioneq_tables.py
#
# log_T_K        x_Ne0          x_Ne1          x_Ne2          x_Ne3          x_Ne4          x_Ne5          x_Ne6          x_Ne7          x_Ne8          x_Ne9          x_Ne10       
         4.0000   9.999998e-01   1.877035e-07   8.108797e-26   5.673353e-61  2.466416e-113  9.203390e-181  1.051468e-264   0.000000e+00   0.000000e+00   0.000000e+00   0.000000e+00
         4.0500   9.999967e-01   3.315818e-06   7.542957e-22   1.014332e-52   5.979136e-99  1.254910e-158  4.418704e-233   0.000000e+00   0.000000e+00   0.000000e+00   0.000000e+00
         4.1000   9.999565e-01   4.353862e-05   1.544941e-18   1.386603e-45   2.417273e-86  4.190087e-139  4.319918e-205  2.746596e-291   0.000000e+00   0.000000e+00   0.000000e+00
         4.1500   9.995613e-01   4.387290e-04   1.174343e-15   2.740763e-39   3.639503e-75  9.418131e-122  3.483531e-180  1.119343e-256   0.000000e+00   0.000000e+00   0.000000e+00
         4.2000   9.965162e-01   3.483797e-03   4.280201e-13   1.121002e-33   3.383971e-65  2.839267e-106  5.772830e-158  8.422601e-226  3.167583e-304  1.343859e-321   0.000000e+00
         4.2500   9.779263e-01   2.207368e-02   8.281583e-11   1.149607e-28   2.680093e-56   1.857641e-92  3.854296e-138  2.965132e-198  7.455940e-268  3.167547e-285  1.345686e-302
         4.3000   8.921842e-01   1.078158e-01   8.656173e-09   3.254750e-24   2.227998e-48   3.718388e-80  1.711194e-120  1.005266e-173  1.880568e-235   0.000000e+00   0.000000e+00
         4.3500   6.464190e-01   3.535806e-01   4.429007e-07   2.466698e-20   2.075033e-41   2.707931e-69  6.805976e-105  5.312024e-152  1.033693e-206   0.000000e+00   0.000000e+00
         4.4000   3.200765e-01   6.799135e-01   9.998983e-06   4.775406e-17   2.239754e-35   8.089921e-60   3.049125e-91  6.384083e-133  2.199655e-181   0.000000e+00   0.000000e+00
         4.4500   1.230970e-01   8.767864e-01   1.165497e-04   2.897489e-14   3.683111e-30   1.413285e-51   2.482336e-79  3.211409e-116  3.952044e-159   0.000000e+00   0.000000e+00
         4.5000   4.656902e-02   9.525395e-01   8.915119e-04   7.284398e-12   1.325166e-25   2.283034e-44   6.732540e-69  1.428526e-101  1.475875e-139   0.000000e+00   0.000000e+00
         4.5500   1.987359e-02   9.751177e-01   5.008727e-03   8.774732e-10   1.273294e-21   4.655901e-38   9.625687e-60   1.043488e-88  2.466936e-122  4.813621e-293   0.000000e+00
         4.6000   1.010865e-02   9.686469e-01   2.124441e-02   5.349209e-08   3.576661e-18   1.462565e-32   1.002509e-51   2.027503e-77  3.466320e-107  2.817918e-259   0.000000e+00
         4.6500   6.031722e-03   9.257155e-01   6.825111e-02   1.698851e-06   3.219711e-15   8.489163e-28   1.006371e-44   1.593575e-67   7.177175e-94  2.205759e-229   0.000000e+00
         4.7000   3.912416e-03   8.287108e-01   1.673475e-01   2.926892e-05   1.024104e-12   1.076736e-23   1.245052e-38   7.274815e-59   3.573572e-82  6.404730e-203   0.000000e+00
         4.7500   2.529731e-03   6.773623e-01   3.198137e-01   2.942595e-04   1.303377e-10   3.572760e-20   2.424877e-33   2.713830e-51   6.722181e-72  1.729534e-179  1.539119e-302
         4.8000   1.547983e-03   5.023861e-01   4.941981e-01   1.867769e-03   7.541308e-09   3.694040e-17   9.369545e-29   1.131287e-44   7.174636e-63  9.844343e-159  1.936917e-268
         4.8500   8.864568e-04   3.433980e-01   6.474220e-01   8.293296e-03   2.305548e-07   1.444175e-14   9.169146e-25   7.213968e-39   6.442456e-55  2.518450e-140  3.907168e-238
         4.9000   4.787159e-04   2.210130e-01   7.504303e-01   2.807380e-02   4.244387e-06   2.534042e-12   2.825383e-21   9.291237e-34   6.883710e-48  5.649647e-124  3.550991e-211
         4.9500   2.445401e-04   1.352338e-01   7.879454e-01   7.652463e-02   5.166656e-05   2.276599e-10   3.261802e-18   3.029666e-29   1.164688e-41  1.967454e-109  3.560299e-187
         5.0000   1.167809e-04   7.796738e-02   7.497240e-01   1.717528e-01   4.390144e-04   1.144331e-08   1.601163e-15   2.970201e-25   3.904962e-36   1.715337e-96  8.474463e-166
         5.0500   5.105550e-05   4.151038e-02   6.377040e-01   3.180581e-01   2.676091e-03   3.408649e-07   3.660867e-13   9.977005e-22   3.096318e-31   5.599554e-85  9.258084e-147
         5.1000   2.015948e-05   2.013056e-02   4.806002e-01   4.872734e-01   1.196938e-02   6.314067e-06   4.213555e-11   1.284764e-18   6.767192e-27   9.751242e-75  8.312620e-130
         5.1500   7.217330e-06   8.919370e-03   3.231016e-01   6.273588e-01   4.053637e-02   7.668599e-05   2.641068e-09   7.072982e-16   4.713734e-23   1.252585e-65  1.039757e-114
         5.2000   2.367664e-06   3.644857e-03   1.961864e-01   6.921696e-01   1.073546e-01   6.420723e-04   9.692842e-08   1.838281e-13   1.193273e-19   1.587125e-57  2.904691e-101
         5.2500   7.128606e-07   1.374327e-03   1.079025e-01   6.602140e-01   2.266707e-01   3.835497e-03   2.197743e-06   2.436545e-11   1.220266e-16   2.541170e-50   2.728967e-89
         5.3000   1.958117e-07   4.747009e-04   5.347715e-02   5.443565e-01   3.849572e-01   1.670229e-02   3.198842e-05   1.747120e-09   5.484918e-14   6.348308e-44   1.229578e-78
         5.3500   4.902244e-08   1.498403e-04   2.386609e-02   3.894451e-01   5.320031e-01   5.422556e-02   3.101604e-04   7.162823e-08   1.171460e-11   2.994075e-38   3.655012e-69
         5.4000   1.125834e-08   4.345288e-05   9.656132e-03   2.443618e-01   6.089813e-01   1.348706e-01   2.084864e-03   1.775816e-06   1.282927e-09   3.180771e-33   9.588491e-61
         5.4500   2.386403e-09   1.163777e-05   3.564864e-03   1.358465e-01   5.870137e-01   2.634641e-01   1.007117e-02   2.799599e-05   7.712666e-08   8.911266e-29   2.877906e-53
         5.5000   4.684628e-10   2.885936e-06   1.205199e-03   6.737575e-02   4.825959e-01   4.124990e-01   3.602564e-02   2.929019e-04   2.699024e-06   7.561134e-25   1.242849e-46
         5.5500   8.544334e-11   6.640968e-07   3.742870e-04   2.999535e-02   3.422720e-01   5.271691e-01   9.801794e-02   2.112696e-03   5.793453e-05   2.198201e-21   9.473785e-41
         5.6000   1.448726e-11   1.417779e-07   1.068341e-04   1.202497e-02   2.111022e-01   5.578116e-01   2.073098e-01   1.084689e-02   7.975493e-04   2.439192e-18   1.526118e-35
         5.6500   2.263311e-12   2.781992e-08   2.778362e-05   4.314016e-03   1.130112e-01   4.905359e-01   3.444256e-01   4.042329e-02   7.262096e-03   1.127277e-15   6.045645e-31
         5.7000   3.157353e-13   4.860970e-09   6.381767e-06   1.345609e-03   5.121650e-02   3.514630e-01   4.433051e-01   1.087340e-01   4.392943e-02   2.291775e-13   6.587531e-27
         5.7500   3.659680e-14   7.036429e-10   1.205129e-06   3.403139e-04   1.838786e-02   1.928833e-01   4.177655e-01   2.010158e-01   1.696060e-01   2.059405e-11   2.087751e-23
         5.8000   3.294591e-15   7.884527e-11   1.748965e-07   6.533846e-05   4.911115e-03   7.645390e-02   2.731139e-01   2.436224e-01   4.018331e-01   8.184949e-10   2.015363e-20
         5.8500   2.439192e-16   7.239063e-12   2.065505e-08   1.009763e-05   1.037293e-03   2.335145e-02   1.327144e-01   2.086746e-01   6.342121e-01   1.618514e-08   6.942000e-18
         5.9000   1.718427e-17   6.300113e-13   2.297175e-09   1.455313e-06   2.011839e-04   6.402153e-03   5.605326e-02   1.485393e-01   7.888025e-01   1.944293e-07   1.080169e-15
         5.9500   1.280418e-18   5.776242e-14   2.674846e-10   2.176925e-07   3.995236e-05   1.761745e-03   2.308791e-02   9.907940e-02   8.760291e-01   1.653641e-06   9.138133e-14
         6.0000   1.056143e-19   5.839874e-15   3.414336e-11   3.541949e-08   8.526488e-06   5.119358e-04   9.787443e-03   6.564734e-02   9.240339e-01   1.085806e-05   4.716838e-12
         6.0500   9.783754e-21   6.605839e-16   4.848909e-12   6.366797e-09   1.988933e-06   1.600943e-04   4.363897e-03   4.432495e-02   9.510913e-01   5.779394e-05   1.600202e-10
         6.1000   1.021045e-21   8.387369e-17   7.688007e-13   1.269512e-09   5.097556e-07   5.425984e-05   2.065783e-03   3.088988e-02   9.667324e-01   2.571201e-04   3.763925e-09
         6.1500   1.200650e-22   1.195715e-17   1.361550e-13   2.810376e-10   1.438134e-07   1.999920e-05   1.043971e-03   2.240433e-02   9.755550e-01   9.764498e-04   6.397564e-08
         6.2000   1.589434e-23   1.912254e-18   2.691583e-14   6.904902e-11   4.467596e-08   8.029029e-06   5.651927e-04   1.700969e-02   9.792037e-01   3.212545e-03   8.120633e-07
         6.2500   2.360633e-24   3.418752e-19   5.919992e-15   1.877380e-11   1.524656e-08   3.506432e-06   3.279092e-04   1.354492e-02   9.768686e-01   9.247177e-03   7.900495e-06
         6.3000   3.894800e-25   6.765686e-20   1.434791e-15   5.596692e-12   5.666574e-09   1.652928e-06   2.025697e-04   1.125604e-02   9.650623e-01   2.341732e-02   6.009856e-05
         6.3500   7.017484e-26   1.457058e-20   3.767865e-16   1.799516e-12   2.257476e-09   8.285228e-07   1.314060e-04   9.635374e-03   9.375939e-01   5.227574e-02   3.627888e-04
         6.4000   1.348847e-26   3.336197e-21   1.047648e-16   6.099417e-13   9.426949e-10   4.321651e-07   8.768426e-05   8.329429e-03   8.869710e-01   1.028539e-01   1.757545e-03
         6.4500   2.690341e-27   7.900747e-22   3.000972e-17   2.120863e-13   4.016746e-10   2.284919e-07   5.867820e-05   7.098968e-03   8.076757e-01   1.782670e-01   6.899429e-03
         6.5000   5.435127e-28   1.889217e-22   8.646927e-18   7.388295e-14   1.705796e-10   1.196597e-07   3.851607e-05   5.837652e-03   6.997203e-01   2.722507e-01   2.215271e-02
         6.5500   1.087295e-28   4.460034e-23   2.450943e-18   2.522324e-14   7.063958e-11   6.075396e-08   2.429238e-05   4.542510e-03   5.701577e-01   3.665914e-01   5.868398e-02
         6.6000   2.106604e-29   1.016886e-23   6.686163e-19   8.258215e-15   2.792238e-11   2.928444e-08   1.442751e-05   3.284805e-03   4.321609e-01   4.353248e-01   1.292151e-01
         6.6500   3.891204e-30   2.204586e-24   1.728610e-19   2.553910e-15   1.037925e-11   1.320773e-08   7.958134e-06   2.180682e-03   3.023735e-01   4.569049e-01   2.385329e-01
         6.7000   6.842500e-31   4.538843e-25   4.230601e-20   7.453589e-16   3.626069e-12   5.572697e-09   4.078515e-06   1.331034e-03   1.956199e-01   4.280751e-01   3.749699e-01
         6.7500   1.156256e-31   8.959546e-26   9.897423e-21   2.073360e-16   1.202913e-12   2.223247e-09   1.964081e-06   7.567386e-04   1.186788e-01   3.655060e-01   5.150564e-01
         6.8000   1.908881e-32   1.724267e-26   2.251051e-21   5.590934e-17   3.855273e-13   8.535883e-10   9.051062e-07   4.090901e-04   6.903370e-02   2.923165e-01   6.382398e-01
         6.8500   3.129475e-33   3.288945e-27   5.060815e-22   1.486094e-17   1.213978e-13   3.208285e-10   4.062994e-07   2.144956e-04   3.937350e-02   2.248492e-01   7.355624e-01
         6.9000   5.201108e-34   6.348386e-28   1.148476e-22   3.976432e-18   3.835836e-14   1.205829e-10   1.816009e-07   1.114797e-04   2.240567e-02   1.698002e-01   8.076825e-01
         6.9500   8.848435e-35   1.252216e-28   2.657137e-23   1.081930e-18   1.228609e-14   4.578926e-11   8.169660e-08   5.811421e-05   1.286588e-02   1.276384e-01   8.594375e-01
         7.0000   1.548736e-35   2.537087e-29   6.300696e-24   3.009630e-19   4.011385e-15   1.766864e-11   3.721981e-08   3.059885e-05   7.502861e-03   9.630293e-02   8.961636e-01
         7.0500   2.794279e-36   5.290634e-30   1.534531e-24   8.578976e-20   1.338384e-15   6.946355e-12   1.722453e-08   1.633284e-05   4.457101e-03   7.326734e-02   9.222592e-01
         7.1000   5.160308e-37   1.127618e-30   3.812374e-25   2.489206e-20   4.533577e-16   2.764821e-12   8.048591e-09   8.810611e-06   2.699999e-03   5.633458e-02   9.409566e-01
         7.1500   9.804647e-38   2.469269e-31   9.713390e-26   7.392397e-21   1.567987e-16   1.120659e-12   3.820938e-09   4.823807e-06   1.667627e-03   4.381327e-02   9.545143e-01
         7.2000   1.915840e-38   5.553657e-32   2.537477e-26   2.246874e-21   5.537653e-17   4.626899e-13   1.843884e-09   2.682357e-06   1.049352e-03   3.446852e-02   9.644794e-01
         7.2500   3.843429e-39   1.280819e-32   6.786208e-27   6.979835e-22   1.994645e-17   1.943859e-13   9.037797e-10   1.513971e-06   6.719794e-04   2.741888e-02   9.719076e-01
         7.3000   7.902167e-40   3.023855e-33   1.855049e-27   2.212865e-22   7.318187e-18   8.300656e-14   4.495216e-10   8.666474e-07   4.373888e-04   2.203974e-02   9.775220e-01
         7.3500   1.662390e-40   7.296624e-34   5.175477e-28   7.150344e-23   2.731736e-18   3.599213e-14   2.266694e-10   5.027076e-07   2.890054e-04   1.788803e-02   9.818225e-01
         7.4000   3.572563e-41   1.796810e-34   1.471572e-28   2.351698e-23   1.036322e-18   1.583264e-14   1.157713e-10   2.952299e-07   1.936105e-04   1.464771e-02   9.851584e-01
         7.4500   7.828832e-42   4.507580e-35   4.257183e-29   7.860255e-24   3.990134e-19   7.057356e-15   5.982488e-11   1.753862e-07   1.313455e-04   1.209151e-02   9.877770e-01
         7.5000   1.737276e-42   1.144093e-35   1.244506e-29   2.651815e-24   1.549011e-19   3.167259e-15   3.107883e-11   1.048768e-07   9.013022e-05   1.005442e-02   9.898553e-01
         7.5500   3.921652e-43   2.951609e-36   3.692574e-30   9.070665e-25   6.091081e-20   1.437932e-15   1.630950e-11   6.332886e-08   6.249243e-05   8.415455e-03   9.915220e-01
         7.6000   9.002164e-44   7.737743e-37   1.110789e-30   3.142333e-25   2.423609e-20   6.597823e-16   8.638710e-12   3.858354e-08   4.373683e-05   7.084991e-03   9.928712e-01
         7.6500   2.104519e-44   2.064453e-37   3.384107e-31   1.101387e-25   9.748440e-21   3.056863e-16   4.614683e-12   2.369898e-08   3.086864e-05   5.995945e-03   9.939732e-01
         7.7000   5.038320e-45   5.637093e-38   1.043125e-31   3.902033e-26   3.960177e-21   1.428870e-16   2.484242e-12   1.466395e-08   2.195076e-05   5.097613e-03   9.948804e-01
         7.7500   1.250888e-45   1.595372e-38   3.250294e-32   1.396175e-26   1.623474e-21   6.733154e-17   1.346843e-12   9.134014e-09   1.571365e-05   4.351302e-03   9.956330e-01
         7.8000   3.289520e-46   4.780020e-39   1.022913e-32   5.041305e-27   6.711093e-22   3.196247e-17   7.349185e-13   5.723659e-09   1.131497e-05   3.727205e-03   9.962615e-01
         7.8500   9.388489e-47   1.553626e-39   3.248836e-33   1.835544e-27   2.795312e-22   1.527392e-17   4.033583e-13   3.605827e-09   8.189337e-06   3.202158e-03   9.967896e-01
         7.9000   2.945897e-47   5.549347e-40   1.040532e-33   6.734292e-28   1.172336e-22   7.342831e-18   2.225470e-13   2.282390e-09   5.953179e-06   2.758006e-03   9.972360e-01
         7.9500   1.005185e-47   2.154673e-40   3.358101e-34   2.487810e-28   4.947213e-23   3.548954e-18   1.233625e-13   1.450671e-09   4.343635e-06   2.380403e-03   9.976153e-01
         8.0000   3.620893e-48   8.829085e-41   1.091220e-34   9.247630e-29   2.099213e-23   1.723376e-18   6.866269e-14   9.252997e-10   3.178875e-06   2.057928e-03   9.979389e-01
         8.0500   1.333681e-48   3.698160e-41   3.567738e-35   3.456465e-29   8.950619e-24   8.403003e-19   3.835112e-14   5.919312e-10   2.332020e-06   1.781416e-03   9.982163e-01
         8.1000   4.905498e-49   1.546440e-41   1.172788e-35   1.298151e-29   3.832443e-24   4.111592e-19   2.148323e-14   3.795602e-10   1.713812e-06   1.543466e-03   9.984548e-01
         8.1500   1.776788e-49   6.366446e-42   3.873204e-36   4.895588e-30   1.646827e-24   2.017674e-19   1.206229e-14   2.438145e-10   1.260986e-06   1.338058e-03   9.986607e-01
         8.2000   6.285911e-50   2.559452e-42   1.282611e-36   1.850279e-30   7.088598e-25   9.912160e-20   6.776151e-15   1.566869e-10   9.283841e-07   1.160267e-03   9.988388e-01
         8.2500   2.166930e-50   1.002437e-42   4.257100e-37   7.005799e-31   3.055420e-25   4.873477e-20   3.807509e-15   1.006931e-10   6.835671e-07   1.006032e-03   9.989933e-01
         8.3000   7.281951e-51   3.826647e-43   1.416360e-37   2.657830e-31   1.319048e-25   2.398620e-20   2.140470e-15   6.471185e-11   5.030915e-07   8.719901e-04   9.991275e-01
         8.3500   2.387349e-51   1.424879e-43   4.720467e-38   1.009647e-31   5.699946e-26   1.181120e-20   1.203245e-15   4.156823e-11   3.699245e-07   7.553352e-04   9.992443e-01
         8.4000   7.645808e-52   5.182233e-44   1.574978e-38   3.838164e-32   2.464083e-26   5.815750e-21   6.760115e-16   2.667605e-11   2.716311e-07   6.537124e-04   9.993460e-01
         8.4500   2.395734e-52   1.843783e-44   5.257642e-39   1.459314e-32   1.065094e-26   2.862101e-21   3.794088e-16   1.709496e-11   1.990941e-07   5.651333e-04   9.994347e-01
         8.5000   7.356158e-53   6.427638e-45   1.755128e-39   5.546637e-33   4.601132e-27   1.407152e-21   2.126346e-16   1.093516e-11   1.456043e-07   4.879083e-04   9.995119e-01
         8.5500   2.216778e-53   2.198913e-45   5.856219e-40   2.106518e-33   1.985615e-27   6.908686e-22   1.189502e-16   6.979566e-12   1.062097e-07   4.205931e-04   9.995793e-01
         8.6000   6.565561e-54   7.392711e-46   1.952201e-40   7.990458e-34   8.556662e-28   3.385983e-22   6.639699e-17   4.443529e-12   7.724641e-08   3.619461e-04   9.996380e-01
         8.6500   1.913692e-54   2.445760e-46   6.499163e-41   3.026104e-34   3.680742e-28   1.656006e-22   3.696974e-17   2.820912e-12   5.599880e-08   3.108935e-04   9.996891e-01
         8.7000   5.495895e-55   7.971814e-47   2.160005e-41   1.143793e-34   1.579939e-28   8.079579e-23   2.052725e-17   1.785208e-12   4.045205e-08   2.665022e-04   9.997335e-01
         8.7500   1.556804e-55   2.562708e-47   7.164190e-42   4.313396e-35   6.765227e-29   3.931303e-23   1.136272e-17   1.125929e-12   2.911064e-08   2.279575e-04   9.997720e-01
         8.8000   4.353862e-56   8.133134e-48   2.370606e-42   1.622446e-35   2.888931e-29   1.907167e-23   6.268934e-18   7.075446e-13   2.086474e-08   1.945452e-04   9.998054e-01
         8.8500   1.203191e-56   2.550405e-48   7.823671e-43   6.085335e-36   1.229966e-29   9.222336e-24   3.446421e-18   4.429207e-13   1.489149e-08   1.656368e-04   9.998343e-01
         8.9000   3.288133e-57   7.908433e-49   2.574620e-43   2.275407e-36   5.219771e-30   4.444272e-24   1.887651e-18   2.761523e-13   1.058167e-08   1.406781e-04   9.998593e-01
         8.9500   8.892498e-58   2.426650e-49   8.446453e-44   8.480193e-37   2.207633e-30   2.133969e-24   1.029868e-18   1.714571e-13   7.485165e-09   1.191789e-04   9.998808e-01
         9.0000   2.381412e-58   7.372881e-50   2.761953e-44   3.149562e-37   9.303533e-31   1.020792e-24   5.596143e-19   1.059969e-13   5.270284e-09   1.007054e-04   9.998993e-01
