# CIE ionization fractions for Ca (Z=20)
# Source: CHIANTI v11.0.2 chianti.ioneq (Dere et al. 2009)
# T grid: 121 log-spaced points, 10^3.00 K -> 10^9.00 K
# Generated by pyathena/photchem/data/build_ioneq_tables.py
#
# log_T_K        x_Ca0          x_Ca1          x_Ca2          x_Ca3          x_Ca4          x_Ca5          x_Ca6          x_Ca7          x_Ca8          x_Ca9          x_Ca10         x_Ca11         x_Ca12         x_Ca13         x_Ca14         x_Ca15         x_Ca16         x_Ca17         x_Ca18         x_Ca19         x_Ca20       
         3.0000   1.000000e+00   5.688737e-27   4.059444e-84  1.724596e-101  7.326693e-119  3.112639e-136  1.322359e-153  5.617851e-171  2.386662e-188  1.013939e-205  4.307570e-223  1.830008e-240  7.774524e-258  3.302893e-275  1.403186e-292  5.961231e-310   0.000000e+00   0.000000e+00   0.000000e+00   0.000000e+00   0.000000e+00
         3.0500   1.000000e+00   1.481347e-23   3.875194e-74   0.000000e+00   0.000000e+00   0.000000e+00   0.000000e+00   0.000000e+00   0.000000e+00   0.000000e+00   0.000000e+00   0.000000e+00   0.000000e+00   0.000000e+00   0.000000e+00   0.000000e+00   0.000000e+00   0.000000e+00   0.000000e+00   0.000000e+00   0.000000e+00
         3.1000   1.000000e+00   1.668289e-20   3.136542e-65  8.690234e-318   0.000000e+00   0.000000e+00   0.000000e+00   0.000000e+00   0.000000e+00   0.000000e+00   0.000000e+00   0.000000e+00   0.000000e+00   0.000000e+00   0.000000e+00   0.000000e+00   0.000000e+00   0.000000e+00   0.000000e+00   0.000000e+00   0.000000e+00
         3.1500   1.000000e+00   8.901910e-18   2.815159e-57  9.042145e-282   0.000000e+00   0.000000e+00   0.000000e+00   0.000000e+00   0.000000e+00   0.000000e+00   0.000000e+00   0.000000e+00   0.000000e+00   0.000000e+00   0.000000e+00   0.000000e+00   0.000000e+00   0.000000e+00   0.000000e+00   0.000000e+00   0.000000e+00
         3.2000   1.000000e+00   2.441216e-15   3.559034e-50  1.170931e-249   0.000000e+00   0.000000e+00   0.000000e+00   0.000000e+00   0.000000e+00   0.000000e+00   0.000000e+00   0.000000e+00   0.000000e+00   0.000000e+00   0.000000e+00   0.000000e+00   0.000000e+00   0.000000e+00   0.000000e+00   0.000000e+00   0.000000e+00
         3.2500   1.000000e+00   3.699171e-13   7.843552e-44  5.018413e-221   0.000000e+00   0.000000e+00   0.000000e+00   0.000000e+00   0.000000e+00   0.000000e+00   0.000000e+00   0.000000e+00   0.000000e+00   0.000000e+00   0.000000e+00   0.000000e+00   0.000000e+00   0.000000e+00   0.000000e+00   0.000000e+00   0.000000e+00
         3.3000   1.000000e+00   3.303433e-11   3.643301e-38  1.701741e-195   0.000000e+00   0.000000e+00   0.000000e+00   0.000000e+00   0.000000e+00   0.000000e+00   0.000000e+00   0.000000e+00   0.000000e+00   0.000000e+00   0.000000e+00   0.000000e+00   0.000000e+00   0.000000e+00   0.000000e+00   0.000000e+00   0.000000e+00
         3.3500   1.000000e+00   1.840177e-09   4.221687e-33  9.921982e-173   0.000000e+00   0.000000e+00   0.000000e+00   0.000000e+00   0.000000e+00   0.000000e+00   0.000000e+00   0.000000e+00   0.000000e+00   0.000000e+00   0.000000e+00   0.000000e+00   0.000000e+00   0.000000e+00   0.000000e+00   0.000000e+00   0.000000e+00
         3.4000   9.999999e-01   6.709104e-08   1.414552e-28  1.981565e-152  3.756638e-311   0.000000e+00   0.000000e+00   0.000000e+00   0.000000e+00   0.000000e+00   0.000000e+00   0.000000e+00   0.000000e+00   0.000000e+00   0.000000e+00   0.000000e+00   0.000000e+00   0.000000e+00   0.000000e+00   0.000000e+00   0.000000e+00
         3.4500   9.999983e-01   1.657375e-06   1.550540e-24  2.485082e-134  2.252865e-275   0.000000e+00   0.000000e+00   0.000000e+00   0.000000e+00   0.000000e+00   0.000000e+00   0.000000e+00   0.000000e+00   0.000000e+00   0.000000e+00   0.000000e+00   0.000000e+00   0.000000e+00   0.000000e+00   0.000000e+00   0.000000e+00
         3.5000   9.999720e-01   2.804352e-05   6.083253e-21  3.292291e-118  1.724743e-243   0.000000e+00   0.000000e+00   0.000000e+00   0.000000e+00   0.000000e+00   0.000000e+00   0.000000e+00   0.000000e+00   0.000000e+00   0.000000e+00   0.000000e+00   0.000000e+00   0.000000e+00   0.000000e+00   0.000000e+00   0.000000e+00
         3.5500   9.996818e-01   3.181868e-04   8.973765e-18  7.102612e-104  4.202820e-215   0.000000e+00   0.000000e+00   0.000000e+00   0.000000e+00   0.000000e+00   0.000000e+00   0.000000e+00   0.000000e+00   0.000000e+00   0.000000e+00   0.000000e+00   0.000000e+00   0.000000e+00   0.000000e+00   0.000000e+00   0.000000e+00
         3.6000   9.976461e-01   2.353898e-03   5.153468e-15   3.636180e-91  7.292084e-190  1.685119e-311   0.000000e+00   0.000000e+00   0.000000e+00   0.000000e+00   0.000000e+00   0.000000e+00   0.000000e+00   0.000000e+00   0.000000e+00   0.000000e+00   0.000000e+00   0.000000e+00   0.000000e+00   0.000000e+00   0.000000e+00
         3.6500   9.883430e-01   1.165702e-02   1.251012e-12   6.505052e-80  1.943561e-167  1.756605e-275   0.000000e+00   0.000000e+00   0.000000e+00   0.000000e+00   0.000000e+00   0.000000e+00   0.000000e+00   0.000000e+00   0.000000e+00   0.000000e+00   0.000000e+00   0.000000e+00   0.000000e+00   0.000000e+00   0.000000e+00
         3.7000   9.580519e-01   4.194806e-02   1.464723e-10   6.088047e-70  1.674326e-147  2.013631e-243   0.000000e+00   0.000000e+00   0.000000e+00   0.000000e+00   0.000000e+00   0.000000e+00   0.000000e+00   0.000000e+00   0.000000e+00   0.000000e+00   0.000000e+00   0.000000e+00   0.000000e+00   0.000000e+00   0.000000e+00
         3.7500   8.826237e-01   1.173763e-01   9.253560e-09   4.248131e-61  8.998592e-130  7.077195e-215  3.952525e-322   0.000000e+00   0.000000e+00   0.000000e+00   0.000000e+00   0.000000e+00   0.000000e+00   0.000000e+00   0.000000e+00   0.000000e+00   0.000000e+00   0.000000e+00   0.000000e+00   0.000000e+00   0.000000e+00
         3.8000   7.396331e-01   2.603666e-01   3.345942e-07   2.908989e-53  5.203897e-114  1.825404e-189  1.055551e-284   0.000000e+00   0.000000e+00   0.000000e+00   0.000000e+00   0.000000e+00   0.000000e+00   0.000000e+00   0.000000e+00   0.000000e+00   0.000000e+00   0.000000e+00   0.000000e+00   0.000000e+00   0.000000e+00
         3.8500   5.430073e-01   4.569855e-01   7.159653e-06   2.450134e-46  5.164409e-100  7.379088e-167  2.221743e-251   0.000000e+00   0.000000e+00   0.000000e+00   0.000000e+00   0.000000e+00   0.000000e+00   0.000000e+00   0.000000e+00   0.000000e+00   0.000000e+00   0.000000e+00   0.000000e+00   0.000000e+00   0.000000e+00
         3.9000   3.502386e-01   6.496656e-01   9.577481e-05   3.183352e-40   1.367354e-87  9.428285e-147  1.032527e-221  1.041432e-308   0.000000e+00   0.000000e+00   0.000000e+00   0.000000e+00   0.000000e+00   0.000000e+00   0.000000e+00   0.000000e+00   0.000000e+00   0.000000e+00   0.000000e+00   0.000000e+00   0.000000e+00
         3.9500   2.073272e-01   7.918010e-01   8.718502e-04   8.093596e-35   1.483896e-76  7.376913e-129  2.741862e-195  1.752910e-272   0.000000e+00   0.000000e+00   0.000000e+00   0.000000e+00   0.000000e+00   0.000000e+00   0.000000e+00   0.000000e+00   0.000000e+00   0.000000e+00   0.000000e+00   0.000000e+00   0.000000e+00
         4.0000   1.181502e-01   8.759866e-01   5.863198e-03   5.011095e-30   9.743688e-67  6.416117e-113  9.774293e-172  3.479421e-240  9.131420e-319   0.000000e+00   0.000000e+00   0.000000e+00   0.000000e+00   0.000000e+00   0.000000e+00   0.000000e+00   0.000000e+00   0.000000e+00   0.000000e+00   0.000000e+00   0.000000e+00
         4.0500   6.607766e-02   9.033363e-01   3.058608e-02   8.961104e-26   5.346106e-58   1.030131e-98  9.772143e-151  2.216428e-211  4.646470e-281   0.000000e+00   0.000000e+00   0.000000e+00   0.000000e+00   0.000000e+00   0.000000e+00   0.000000e+00   0.000000e+00   0.000000e+00   0.000000e+00   0.000000e+00   0.000000e+00
         4.1000   3.498012e-02   8.425140e-01   1.225059e-01   5.106751e-22   3.096780e-50   4.545528e-86  5.000002e-132  1.045800e-185  1.924627e-247   0.000000e+00   0.000000e+00   0.000000e+00   0.000000e+00   0.000000e+00   0.000000e+00   0.000000e+00   0.000000e+00   0.000000e+00   0.000000e+00   0.000000e+00   0.000000e+00
         4.1500   1.568752e-02   6.393201e-01   3.449924e-01   9.354012e-19   2.154595e-43   7.251728e-75  2.057444e-115  7.065648e-163  1.587950e-217  2.145256e-287   0.000000e+00   0.000000e+00   0.000000e+00   0.000000e+00   0.000000e+00   0.000000e+00   0.000000e+00   0.000000e+00   0.000000e+00   0.000000e+00   0.000000e+00
         4.2000   5.419997e-03   3.605378e-01   6.340422e-01   5.566870e-16   2.025150e-37   5.335879e-65  1.008560e-100  1.209919e-142  5.644659e-191  6.477012e-253  1.531604e-322   0.000000e+00   0.000000e+00   0.000000e+00   0.000000e+00   0.000000e+00   0.000000e+00   0.000000e+00   0.000000e+00   0.000000e+00   0.000000e+00
         4.2500   1.555014e-03   1.635161e-01   8.349289e-01   1.273229e-13   3.342014e-32   2.610011e-56   9.531128e-88  9.810275e-125  1.889360e-167  2.560242e-222  4.411232e-284   0.000000e+00   0.000000e+00   0.000000e+00   0.000000e+00   0.000000e+00   0.000000e+00   0.000000e+00   0.000000e+00   0.000000e+00   0.000000e+00
         4.3000   4.302571e-04   6.950834e-02   9.300614e-01   1.408514e-11   1.323445e-27   1.251080e-48   2.782005e-76  6.688257e-109  1.180151e-146  3.199258e-195  5.672299e-250   0.000000e+00   0.000000e+00   0.000000e+00   0.000000e+00   0.000000e+00   0.000000e+00   0.000000e+00   0.000000e+00   0.000000e+00   0.000000e+00
         4.3500   1.252299e-04   3.030198e-02   9.695728e-01   8.799545e-10   1.577120e-23   7.732584e-42   3.563718e-66   5.872430e-95  2.319664e-128  2.495286e-171  7.864130e-220   0.000000e+00   0.000000e+00   0.000000e+00   0.000000e+00   0.000000e+00   0.000000e+00   0.000000e+00   0.000000e+00   0.000000e+00   0.000000e+00
         4.4000   3.953340e-05   1.400836e-02   9.859521e-01   3.385702e-08   6.557183e-20   7.460751e-36   2.709200e-57   9.888968e-83  2.471693e-112  2.362563e-150  2.712987e-193  9.995293e-313   0.000000e+00   0.000000e+00   0.000000e+00   0.000000e+00   0.000000e+00   0.000000e+00   0.000000e+00   0.000000e+00   0.000000e+00
         4.4500   1.367140e-05   6.953483e-03   9.930320e-01   8.468516e-07   1.057505e-16   1.348390e-30   1.692590e-49   5.135081e-72   2.781549e-98  5.920893e-132  5.884594e-170  3.618385e-276   0.000000e+00   0.000000e+00   0.000000e+00   0.000000e+00   0.000000e+00   0.000000e+00   0.000000e+00   0.000000e+00   0.000000e+00
         4.5000   5.226709e-06   3.748814e-03   9.962310e-01   1.492432e-05   7.706022e-14   5.948286e-26   1.298037e-42   1.446580e-62   6.935815e-86  9.502960e-116  2.223304e-149  7.670438e-244   0.000000e+00   0.000000e+00   0.000000e+00   0.000000e+00   0.000000e+00   0.000000e+00   0.000000e+00   0.000000e+00   0.000000e+00
         4.5500   2.247047e-06   2.237570e-03   9.975755e-01   1.846460e-04   2.570830e-11   7.256342e-22   1.540293e-36   3.189524e-54   6.315013e-75  1.907243e-101  3.271955e-131  3.094357e-215  4.906369e-309   0.000000e+00   0.000000e+00   0.000000e+00   0.000000e+00   0.000000e+00   0.000000e+00   0.000000e+00   0.000000e+00
         4.6000   1.111002e-06   1.514834e-03   9.970057e-01   1.478307e-03   3.392705e-09   2.307555e-18   2.885711e-31   6.201842e-47   2.610911e-65   6.980875e-89  3.139534e-115  5.638604e-190  1.603651e-273   0.000000e+00   0.000000e+00   0.000000e+00   0.000000e+00   0.000000e+00   0.000000e+00   0.000000e+00   0.000000e+00
         4.6500   6.383132e-07   1.177227e-03   9.915037e-01   7.318292e-03   1.597024e-07   1.833710e-15   8.676023e-27   1.164468e-40   5.799260e-57   6.274950e-78  3.016118e-101  9.756998e-168  3.818213e-242   0.000000e+00   0.000000e+00   0.000000e+00   0.000000e+00   0.000000e+00   0.000000e+00   0.000000e+00   0.000000e+00
         4.7000   4.173004e-07   1.029926e-03   9.759478e-01   2.301901e-02   2.813432e-06   3.987761e-13   4.798616e-23   2.568249e-35   8.978603e-50   1.991768e-68   4.685924e-89  3.408339e-148  1.877782e-214  3.715701e-288   0.000000e+00   0.000000e+00   0.000000e+00   0.000000e+00   0.000000e+00   0.000000e+00   0.000000e+00
         4.7500   2.972730e-07   9.724848e-04   9.464491e-01   5.255351e-02   2.457400e-05   3.238736e-11   6.910191e-20   9.849329e-31   1.517179e-43   3.804255e-60   2.214579e-78  5.737220e-131  5.861259e-190  1.175507e-255   0.000000e+00   0.000000e+00   0.000000e+00   0.000000e+00   0.000000e+00   0.000000e+00   0.000000e+00
         4.8000   2.195187e-07   9.435907e-04   8.999083e-01   9.900720e-02   1.407342e-04   1.326208e-09   3.604160e-17   9.538501e-27   4.273217e-38   7.177998e-53   5.680276e-69  1.021441e-115  3.184616e-168  8.856009e-227  1.115779e-292   0.000000e+00   0.000000e+00   0.000000e+00   0.000000e+00   0.000000e+00   0.000000e+00
         4.8500   1.617447e-07   9.063917e-04   8.335621e-01   1.649146e-01   6.167308e-04   3.259190e-08   8.374768e-15   2.981408e-23   2.684335e-33   1.906823e-46   1.209412e-60  3.526290e-102  6.724764e-149  4.407023e-201  7.979947e-260  4.940656e-324   0.000000e+00   0.000000e+00   0.000000e+00   0.000000e+00   0.000000e+00
         4.9000   1.159605e-07   8.413528e-04   7.469843e-01   2.499560e-01   2.217657e-03   5.259969e-07   9.788594e-13   3.496488e-20   4.559323e-29   9.138091e-41   2.910287e-53   3.768632e-90  1.049123e-131  3.337330e-178  1.468901e-230  4.508402e-288   0.000000e+00   0.000000e+00   0.000000e+00   0.000000e+00   0.000000e+00
         4.9500   7.916262e-08   7.390322e-04   6.438359e-01   3.486493e-01   6.769757e-03   5.909816e-06   6.290762e-11   1.738932e-17   2.458731e-25   9.738304e-36   1.028523e-46   1.864352e-79  2.110291e-116  7.958729e-158  1.747380e-204  8.854754e-256  5.059322e-312   0.000000e+00   0.000000e+00   0.000000e+00   0.000000e+00
         5.0000   5.126668e-08   6.120569e-04   5.315655e-01   4.498662e-01   1.790762e-02   4.862648e-05   2.419655e-09   4.181221e-15   4.967857e-22   2.841344e-31   6.883627e-41   6.232936e-70  9.161511e-103  1.163922e-139  3.105357e-181  5.548921e-227  3.508248e-277   0.000000e+00   0.000000e+00   0.000000e+00   0.000000e+00
         5.0500   3.143187e-08   4.770529e-04   4.192197e-01   5.385784e-01   4.141943e-02   3.053633e-04   6.022291e-08   5.325381e-13   4.249047e-19   2.661202e-27   1.065464e-35   1.920437e-61   1.321375e-90  1.838431e-123  1.690660e-160  2.688683e-201  4.189468e-246  4.175964e-296   0.000000e+00   0.000000e+00   0.000000e+00
         5.1000   1.808374e-08   3.471040e-04   3.148283e-01   5.988466e-01   8.447029e-02   1.506659e-03   1.014691e-06   3.858600e-11   1.697813e-16   9.119934e-24   4.506845e-31   7.111538e-54   9.195296e-80  5.137100e-109  5.287488e-142  2.190949e-178  2.206764e-218  5.056470e-263  2.820593e-310   0.000000e+00   0.000000e+00
         5.1500   9.680480e-09   2.339483e-04   2.239858e-01   6.171931e-01   1.525833e-01   5.991777e-03   1.213405e-05   1.706784e-09   3.483076e-14   1.292785e-20   6.080721e-27   4.036127e-47   4.334597e-70   3.971828e-96  1.676025e-125  6.045901e-158  1.194376e-193  1.664485e-233  1.168209e-275   0.000000e+00   0.000000e+00
         5.2000   4.833551e-09   1.464986e-04   1.495698e-01   5.856762e-01   2.449089e-01   1.959161e-02   1.069582e-04   4.966053e-08   4.036244e-12   8.548397e-18   3.036106e-23   4.411084e-41   1.896590e-61   1.283138e-84  9.056961e-111  1.069389e-139  1.431579e-171  3.712511e-207  9.279521e-245   0.000000e+00   0.000000e+00
         5.2500   2.226813e-09   8.429266e-05   9.273761e-02   5.073423e-01   3.459062e-01   5.320621e-02   7.223285e-04   9.884776e-07   2.798104e-10   2.853807e-15   6.227242e-20   1.107010e-35   9.937083e-54   2.439001e-74   1.294354e-97  2.090867e-123  7.357006e-152  1.236435e-183  3.573986e-217   0.000000e+00   0.000000e+00
         5.3000   9.320328e-10   4.389221e-05   5.272595e-02   3.969635e-01   4.271008e-01   1.194446e-01   3.707696e-03   1.350510e-05   1.182917e-08   4.997904e-13   5.576381e-17   7.228308e-31   7.588086e-47   3.591864e-65   7.028474e-86  7.140246e-109  2.839782e-134  1.208925e-162  1.483046e-192  9.881313e-324   0.000000e+00
         5.3500   3.468720e-10   2.025368e-05   2.717577e-02   2.778030e-01   4.581544e-01   2.220682e-01   1.464821e-02   1.298960e-04   3.171358e-07   4.856659e-11   2.353368e-14   1.402848e-26   1.029305e-40   5.359808e-57   2.051336e-75   6.562390e-96  1.390977e-118  6.498043e-144  1.384585e-170  1.040357e-287   0.000000e+00
         5.4000   1.160317e-10   8.374490e-06   1.259869e-02   1.727658e-01   4.255807e-01   3.430391e-01   4.510147e-02   9.003411e-04   5.586469e-06   2.754598e-09   5.015415e-12   9.113308e-23   2.960387e-35   1.029909e-49   4.388136e-66   2.390018e-84  1.382141e-104  3.364280e-127  5.615946e-151  1.735771e-255   0.000000e+00
         5.4500   3.461229e-11   3.078623e-06   5.216863e-03   9.492535e-02   3.425087e-01   4.429112e-01   1.097299e-01   4.637463e-03   6.738967e-05   9.635301e-08   5.799049e-10   2.223719e-19   2.133032e-30   3.183126e-43   9.152405e-58   4.914658e-74   4.272364e-92  2.791927e-112  1.795769e-133  9.843564e-227   0.000000e+00
         5.5000   9.157142e-12   1.000800e-06   1.919644e-03   4.589429e-02   2.379032e-01   4.804263e-01   2.150243e-01   1.825124e-02   5.777866e-04   2.184535e-06   3.879106e-08   2.257953e-16   4.463333e-26   1.926541e-37   2.396614e-50   7.811065e-65   6.005764e-81   5.838990e-99  7.688461e-118  4.536199e-201  3.433431e-290
         5.5500   2.144286e-12   2.872686e-07   6.267635e-04   1.951404e-02   1.425838e-01   4.382882e-01   3.405072e-01   5.489421e-02   3.551187e-03   3.275388e-05   1.548906e-06   1.018463e-13   3.012033e-22   2.647650e-32   9.600226e-44   1.234403e-56   5.237660e-71   4.479546e-87  6.872271e-104  3.592246e-178  9.366595e-258
         5.6000   4.392002e-13   7.201772e-08   1.816230e-04   7.304710e-03   7.395963e-02   3.374528e-01   4.373230e-01   1.274796e-01   1.592619e-02   3.340996e-04   3.822010e-05   2.178487e-11   7.243087e-19   9.483504e-28   7.053542e-38   2.440175e-49   3.756584e-62   1.770404e-76   1.914837e-91  9.576865e-158  8.011497e-229
         5.6500   7.925298e-14   1.588387e-08   4.648853e-05   2.397177e-03   3.312267e-02   2.193653e-01   4.579010e-01   2.311306e-01   5.305446e-02   2.382720e-03   5.995082e-04   2.337232e-09   6.764755e-16   9.979809e-24   1.113349e-32   7.373188e-43   2.836839e-54   4.857902e-67   2.367295e-80  1.558493e-139  5.042904e-203
         5.7000   1.248763e-14   3.054246e-09   1.037788e-05   6.812952e-04   1.267212e-02   1.194212e-01   3.893012e-01   3.275624e-01   1.322331e-01   1.206528e-02   6.052928e-03   1.305829e-07   2.615707e-13   3.388503e-20   4.287623e-28   4.014236e-37   2.771464e-47   1.190244e-58   1.753375e-70  2.593662e-123  4.926160e-180
         5.7500   1.663157e-15   4.955270e-10   1.956494e-06   1.624529e-04   4.017417e-03   5.292725e-02   2.622112e-01   3.556681e-01   2.429907e-01   4.302934e-02   3.898771e-02   3.849569e-06   4.342287e-11   3.952361e-17   4.417293e-24   4.461312e-32   4.117124e-41   3.187301e-51   9.945516e-62  6.838769e-109  1.420305e-159
         5.8000   1.751119e-16   6.342871e-11   2.913304e-07   3.040893e-05   9.886062e-04   1.792182e-02   1.317265e-01   2.796812e-01   3.126434e-01   1.031533e-01   1.537959e-01   5.859505e-05   3.091101e-09   1.618849e-14   1.276887e-20   1.092440e-27   1.037044e-35   1.078297e-44   5.190712e-54   4.074126e-96  2.069218e-141
         5.8500   1.375467e-17   6.043351e-12   3.232560e-08   4.217552e-06   1.788342e-04   4.397720e-03   4.694759e-02   1.527320e-01   2.711545e-01   1.605700e-01   3.635568e-01   4.582281e-04   9.560689e-08   2.407323e-12   1.095056e-17   6.390906e-24   4.942590e-31   5.309244e-39   2.972248e-47   7.617629e-85  2.490337e-125
         5.9000   8.644199e-19   4.594635e-13   2.864389e-09   4.646490e-07   2.546326e-05   8.408962e-04   1.284948e-02   6.273646e-02   1.722628e-01   1.767440e-01   5.724608e-01   2.078202e-03   1.474032e-06   1.517248e-10   3.316965e-15   1.087074e-20   5.563345e-27   4.883649e-34   2.471566e-41   6.779800e-75  4.341753e-111
         5.9500   5.092983e-20   3.265575e-14   2.373785e-10   4.763283e-08   3.344211e-06   1.466311e-04   3.155435e-03   2.263202e-02   9.383991e-02   1.612385e-01   7.123876e-01   6.582716e-03   1.384767e-05   5.029287e-09   4.479920e-13   6.919620e-18   1.945950e-23   1.131696e-29   4.136420e-36   4.494120e-66   1.952696e-98
         6.0000   3.085524e-21   2.380378e-15   2.033225e-11   5.022428e-09   4.481576e-07   2.580257e-05   7.696479e-04   7.954940e-03   4.873169e-02   1.356666e-01   7.900895e-01   1.666925e-02   9.203661e-05   1.031595e-07   3.223386e-11   2.003101e-15   2.620479e-20   8.362488e-26   1.807074e-31   3.206194e-58   3.673930e-87
         6.0500   2.003444e-22   1.855292e-16   1.859663e-12   5.628699e-10   6.336410e-08   4.742463e-06   1.932789e-04   2.828931e-03   2.509384e-02   1.096231e-01   8.255759e-01   3.620788e-02   4.708507e-04   1.442163e-06   1.380202e-09   2.990647e-13   1.566839e-17   2.315360e-22   2.474666e-27   3.255285e-51   4.237614e-77
         6.1000   1.414025e-23   1.568568e-17   1.841933e-13   6.800978e-11   9.592670e-09   9.247115e-07   5.081453e-05   1.036503e-03   1.306347e-02   8.682313e-02   8.274077e-01   6.966197e-02   1.940873e-03   1.455650e-05   3.776030e-08   2.506688e-11   4.595109e-15   2.697319e-19   1.216202e-23   5.868083e-45   4.096727e-68
         6.1500   1.075655e-24   1.426667e-18   1.960152e-14   8.792007e-12   1.543881e-09   1.900500e-07   1.391131e-05   3.896589e-04   6.854249e-03   6.730237e-02   7.980309e-01   1.206592e-01   6.638277e-03   1.105584e-04   6.970427e-07   1.261575e-09   7.162900e-13   1.453824e-16   2.399767e-20   2.268169e-39   4.350029e-60
         6.2000   8.591938e-26   1.360292e-19   2.184710e-15   1.185648e-12   2.576721e-10   4.018889e-08   3.876240e-06   1.470622e-04   3.550664e-03   5.012411e-02   7.370111e-01   1.893150e-01   1.918772e-02   6.512868e-04   9.065295e-06   4.029340e-08   6.347208e-11   3.929321e-14   2.092378e-17   2.215048e-34   6.428920e-53
         6.2500   7.123290e-27   1.344278e-20   2.521891e-16   1.649665e-13   4.412362e-11   8.655196e-09   1.088436e-06   5.522175e-05   1.801290e-03   3.563912e-02   6.438261e-01   2.683080e-01   4.724784e-02   3.034666e-03   8.576715e-05   8.531702e-07   3.376821e-09   5.694816e-12   8.739688e-15   6.296469e-30   1.625588e-46
         6.3000   6.005440e-28   1.348965e-21   2.953913e-17   2.320498e-14   7.599013e-12   1.861793e-09   3.022786e-07   2.026484e-05   8.799200e-04   2.384042e-02   5.235064e-01   3.406072e-01   9.921142e-02   1.131730e-02   6.043108e-04   1.239736e-05   1.128058e-07   4.683715e-10   1.873378e-12   5.891629e-26   8.426032e-41
         6.3500   5.011215e-29   1.337630e-22   3.416424e-18   3.211679e-15   1.281426e-12   3.896182e-10   8.092367e-08   7.089134e-06   4.041423e-04   1.468509e-02   3.886489e-01   3.822490e-01   1.767254e-01   3.393208e-02   3.218940e-03   1.268124e-04   2.450708e-06   2.289670e-08   2.182064e-10   2.016537e-22   1.047490e-35
         6.4000   3.979884e-30   1.260055e-23   3.750844e-19   4.205251e-16   2.035106e-13   7.634367e-11   2.012301e-08   2.279663e-06   1.684932e-04   8.063041e-03   2.580588e-01   3.733334e-01   2.646129e-01   8.172398e-02   1.307113e-02   9.296855e-04   3.557299e-05   6.908352e-07   1.447999e-08   2.763399e-19   3.578972e-31
         6.4500   2.950028e-31   1.105571e-24   3.832286e-20   5.107590e-17   2.985058e-14   1.373848e-11   4.558818e-09   6.613933e-07   6.264258e-05   3.884042e-03   1.503080e-01   3.124590e-01   3.296948e-01   1.576190e-01   4.065506e-02   4.950332e-03   3.525684e-04   1.327690e-05   5.698506e-07   1.639953e-16   3.787014e-27
         6.5000   2.012582e-32   8.908823e-26   3.592701e-21   5.674625e-18   3.988639e-15   2.240322e-12   9.288421e-10   1.710176e-07   2.053318e-05   1.626026e-03   7.562209e-02   2.213656e-01   3.391370e-01   2.429443e-01   9.729349e-02   1.937651e-02   2.433268e-03   1.672423e-04   1.378935e-05   4.521683e-14   1.380794e-23
         6.5500   1.241310e-33   6.475668e-27   3.035261e-22   5.664995e-19   4.771447e-16   3.254362e-13   1.674024e-10   3.879463e-08   5.846881e-06   5.839936e-04   3.248456e-02   1.315586e-01   2.864078e-01   2.990371e-01   1.800073e-01   5.637962e-02   1.190605e-02   1.417018e-03   2.119577e-04   6.168539e-12   1.908522e-20
         6.6000   6.794820e-35   4.168049e-28   2.268432e-23   4.988901e-20   5.018566e-17   4.138005e-14   2.624380e-11   7.602142e-09   1.425482e-06   1.776315e-04   1.177352e-02   6.494745e-02   1.972035e-01   2.930383e-01   2.578548e-01   1.228018e-01   4.184080e-02   8.237626e-03   2.123087e-03   4.388337e-10   1.084925e-17
         6.6500   3.211947e-36   2.311520e-29   1.459268e-24   3.771728e-21   4.516102e-18   4.484338e-15   3.488242e-12   1.253824e-09   2.901843e-07   4.469534e-05   3.529306e-03   2.615378e-02   1.089631e-01   2.257308e-01   2.834275e-01   1.993581e-01   1.056962e-01   3.307886e-02   1.401749e-02   1.686650e-08   2.696597e-15
         6.7000   1.252975e-37   1.055709e-30   7.731331e-26   2.342615e-22   3.327838e-19   3.963173e-16   3.760357e-13   1.665829e-10   4.725333e-08   8.924373e-06   8.473041e-04   8.330494e-03   4.694171e-02   1.331464e-01   2.335764e-01   2.365984e-01   1.890894e-01   9.083985e-02   6.062065e-02   3.554792e-07   3.043630e-13
         6.7500   3.981879e-39   3.920421e-32   3.330263e-27   1.180168e-23   1.982881e-20   2.821037e-17   3.246980e-14   1.761604e-11   6.084388e-09   1.398889e-06   1.591648e-04   2.052937e-03   1.544630e-02   5.904157e-02   1.420564e-01   2.027004e-01   2.374331e-01   1.697645e-01   1.713400e-01   4.176463e-06   1.618712e-11
         6.8000   1.062414e-40   1.220155e-33   1.200754e-28   4.965692e-25   9.839239e-22   1.666085e-18   2.314324e-15   1.528751e-12   6.391157e-10   1.777605e-07   2.417288e-05   4.048496e-04   4.020369e-03   2.042006e-02   6.629196e-02   1.306953e-01   2.188416e-01   2.265387e-01   3.327336e-01   2.923094e-05   4.414866e-10
         6.8500   2.598278e-42   3.475211e-35   3.957660e-30   1.906028e-26   4.441789e-23   8.920988e-20   1.488417e-16   1.190599e-13   5.992885e-11   2.005357e-08   3.251689e-06   7.005242e-05   9.085432e-04   6.055410e-03   2.614176e-02   7.000419e-02   1.638547e-01   2.395203e-01   4.933043e-01   1.373946e-04   7.075520e-09
         6.9000   6.375933e-44   9.916821e-37   1.305668e-31   7.308957e-28   1.998135e-24   4.744567e-21   9.466085e-18   9.123628e-15   5.502992e-12   2.204789e-09   4.253744e-07   1.168624e-05   1.960607e-04   1.695531e-03   9.608142e-03   3.442124e-02   1.103738e-01   2.227017e-01   6.205032e-01   4.881790e-04   7.609955e-08
         6.9500   1.661676e-45   3.001409e-38   4.564820e-33   2.964840e-29   9.485950e-26   2.654976e-22   6.308312e-19   7.292344e-16   5.248149e-13   2.507039e-10   5.743553e-08   1.996142e-06   4.294584e-05   4.770411e-04   3.507313e-03   1.658412e-02   7.153825e-02   1.951432e-01   7.112798e-01   1.424680e-03   6.045732e-07
         7.0000   4.729514e-47   9.908439e-40   1.739467e-34   1.308647e-30   4.889401e-27   1.608511e-23   4.534250e-20   6.260017e-17   5.354942e-14   3.038744e-11   8.251698e-09   3.600879e-07   9.855133e-06   1.393229e-04   1.315062e-03   8.107686e-03   4.627059e-02   1.673554e-01   7.732068e-01   3.591119e-03   3.774035e-06
         7.0500   1.476054e-48   3.582399e-41   7.254203e-36   6.311600e-32   2.748361e-28   1.060112e-24   3.534144e-21   5.804703e-18   5.882049e-15   3.952848e-12   1.274039e-09   6.932014e-08   2.395399e-06   4.273904e-05   5.130206e-04   4.079215e-03   3.033788e-02   1.429285e-01   8.140146e-01   8.062366e-03   1.928662e-05
         7.1000   5.022542e-50   1.410462e-42   3.292031e-37   3.307569e-33   1.675435e-29   7.559486e-26   2.971196e-22   5.784935e-19   6.923197e-16   5.494449e-13   2.109665e-10   1.421859e-08   6.160032e-07   1.376442e-05   2.083137e-04   2.115516e-03   2.022872e-02   1.221882e-01   8.387203e-01   1.644148e-02   8.304145e-05
         7.1500   1.865638e-51   6.055183e-44   1.627801e-38   1.885935e-34   1.109332e-30   5.841808e-27   2.698906e-23   6.208623e-20   8.750186e-17   8.179646e-14   3.734270e-11   3.098544e-09   1.671902e-07   4.644864e-06   8.791981e-05   1.130038e-03   1.371941e-02   1.046759e-01   8.492315e-01   3.084287e-02   3.075730e-04
         7.2000   7.486222e-53   2.805008e-45   8.678908e-40   1.157941e-35   7.896178e-32   4.843227e-28   2.622923e-24   7.107574e-21   1.176591e-17   1.292464e-14   7.001875e-12   7.111939e-10   4.749922e-08   1.629828e-06   3.829895e-05   6.178183e-04   9.415238e-03   8.953676e-02   8.457009e-01   5.369348e-02   9.958253e-04
         7.2500   3.186438e-54   1.376810e-46   4.899496e-41   7.518163e-37   5.934191e-33   4.231427e-29   2.679530e-25   8.529475e-22   1.654543e-18   2.131173e-15   1.367356e-12   1.690915e-10   1.390129e-08   5.856926e-07   1.697718e-05   3.412707e-04   6.466146e-03   7.585082e-02   8.272050e-01   8.726550e-02   2.853685e-03
         7.3000   1.428218e-55   7.108910e-48   2.907519e-42   5.124908e-38   4.675390e-34   3.868862e-30   2.858079e-26   1.066020e-22   2.417866e-19   3.644786e-16   2.764133e-13   4.140361e-11   4.167456e-09   2.143841e-07   7.617578e-06   1.894716e-04   4.422438e-03   6.334484e-02   7.919168e-01   1.328165e-01   7.302121e-03
         7.3500   6.665462e-57   3.818028e-49   1.793508e-43   3.627029e-39   3.819099e-35   3.661424e-31   3.148699e-27   1.372901e-23   3.633741e-20   6.398988e-17   5.725301e-14   1.033749e-11   1.267566e-09   7.920292e-08   3.429955e-06   1.048741e-04   2.990284e-03   5.182706e-02   7.387153e-01   1.895653e-01   1.679365e-02
         7.4000   3.199730e-58   2.107177e-50   1.136111e-44   2.632988e-40   3.195669e-36   3.544094e-32   3.540883e-28   1.800969e-24   5.552292e-21   1.140304e-17   1.201493e-14   2.603123e-12   3.870104e-10   2.923226e-08   1.534723e-06   5.733920e-05   1.982357e-03   4.125130e-02   6.680783e-01   2.537534e-01   3.487580e-02
         7.4500   1.548509e-59   1.171319e-51   7.243878e-46   1.921724e-41   2.685069e-37   3.439739e-33   3.985211e-29   2.359789e-25   8.459643e-22   2.023077e-18   2.506001e-15   6.487051e-13   1.164510e-10   1.059045e-08   6.712113e-07   3.049826e-05   1.271520e-03   3.161998e-02   5.829746e-01   3.184590e-01   6.564369e-02
         7.5000   7.528268e-61   6.534858e-53   4.632768e-47   1.405327e-42   2.257683e-38   3.336329e-34   4.474669e-30   3.079035e-26   1.281493e-22   3.563285e-19   5.180511e-16   1.595862e-13   3.444384e-11   3.756086e-09   2.861202e-07   1.573417e-05   7.868118e-04   2.326884e-02   4.889136e-01   3.746430e-01   1.123717e-01
         7.5500   3.670588e-62   3.653198e-54   2.967092e-48   1.028072e-43   1.896796e-39   3.229263e-35   5.005598e-31   3.995785e-27   1.927874e-23   6.224195e-20   1.060292e-16   3.872570e-14   1.000884e-11   1.303660e-09   1.188550e-07   7.872766e-06   4.697543e-04   1.644010e-02   3.934506e-01   4.138267e-01   1.758049e-01
         7.6000   1.791085e-63   2.042114e-55   1.899102e-49   7.508407e-45   1.589150e-40   3.113122e-36   5.568615e-32   5.148692e-28   2.875670e-24   1.076560e-20   2.145095e-17   9.257189e-15   2.854210e-12   4.424200e-10   4.808650e-08   3.819620e-06   2.706867e-04   1.116405e-02   3.043117e-01   4.310599e-01   2.531898e-01
         7.6500   8.760447e-65   1.143297e-56   1.216766e-50   5.483725e-46   1.329961e-41   2.994456e-37   6.172263e-33   6.600164e-29   4.261755e-25   1.847705e-21   4.298791e-18   2.184885e-15   8.007738e-13   1.472103e-10   1.900510e-08   1.802822e-06   1.511131e-04   7.318570e-03   2.272673e-01   4.263838e-01   3.388774e-01
         7.7000   4.294272e-66   6.409874e-58   7.802939e-52   4.004674e-47   1.111782e-42   2.873904e-38   6.816889e-34   8.418901e-30   6.276817e-26   3.147761e-22   8.536252e-19   5.094076e-16   2.212351e-13   4.809412e-11   7.352836e-09   8.301189e-07   8.203993e-05   4.655608e-03   1.650079e-01   4.040373e-01   4.262164e-01
         7.7500   2.107447e-67   3.595141e-59   5.003553e-53   2.921517e-48   9.275036e-44   2.749790e-39   7.496590e-35   1.067892e-30   9.182269e-27   5.320228e-23   1.678828e-19   1.172925e-16   6.018130e-14   1.542962e-11   2.786048e-09   3.732946e-07   4.341217e-05   2.885377e-03   1.173645e-01   3.702069e-01   5.094994e-01
         7.8000   1.050062e-68   2.045787e-60   3.253731e-54   2.159338e-49   7.831891e-45   2.660610e-40   8.327876e-36   1.366669e-31   1.353846e-27   9.053578e-24   3.325335e-20   2.712784e-17   1.639450e-14   4.943381e-12   1.051089e-09   1.665757e-07   2.272597e-05   1.764670e-03   8.237089e-02   3.308536e-01   5.849879e-01
         7.8500   5.344700e-70   1.188385e-61   2.159000e-55   1.627033e-50   6.735489e-46   2.619485e-41   9.402983e-37   1.775663e-32   2.024380e-28   1.560804e-24   6.663646e-21   6.332129e-18   4.494735e-15   1.589698e-12   3.969236e-10   7.416778e-08   1.183812e-05   1.071564e-03   5.739665e-02   2.905409e-01   6.509789e-01
         7.9000   2.787523e-71   7.068975e-63   1.466401e-56   1.253723e-51   5.918390e-47   2.632745e-42   1.082670e-37   2.350108e-33   3.080426e-29   2.735437e-25   1.355502e-21   1.496999e-18   1.244852e-15   5.151621e-13   1.506561e-10   3.309389e-08   6.164299e-06   6.491705e-04   3.989743e-02   2.521736e-01   7.072736e-01
         7.9500   1.492216e-72   4.313243e-64   1.021263e-57   9.896836e-53   5.322823e-48   2.706174e-43   1.273660e-38   3.174693e-34   4.779774e-30   4.883794e-26   2.805044e-22   3.592902e-19   3.491722e-16   1.686902e-13   5.764168e-11   1.484408e-08   3.219317e-06   3.937378e-04   2.776143e-02   2.172802e-01   7.545614e-01
         8.0000   8.205608e-74   2.701849e-65   7.299237e-59   8.010386e-54   4.904214e-49   2.847505e-44   1.532413e-39   4.381957e-35   7.571330e-31   8.893047e-27   5.912563e-23   8.766692e-20   9.934883e-17   5.591382e-14   2.227398e-11   6.707422e-09   1.690150e-06   2.396754e-04   1.938136e-02   1.864417e-01   7.939356e-01
         8.0500   4.635224e-75   1.737623e-66   5.354384e-60   6.648288e-55   4.629483e-50   3.067633e-45   1.886071e-40   6.181708e-36   1.224758e-31   1.652233e-27   1.270010e-23   2.175976e-20   2.869610e-17   1.877747e-14   8.702594e-12   3.057131e-09   8.933089e-07   1.466522e-04   1.359564e-02   1.596706e-01   8.265863e-01
         8.1000   2.674129e-76   1.140698e-67   4.007973e-61   5.625428e-56   4.451741e-51   3.364274e-46   2.361262e-41   8.863232e-37   2.012022e-32   3.114797e-28   2.764909e-24   5.465201e-21   8.373316e-18   6.361026e-15   3.424800e-12   1.401151e-09   4.742682e-07   9.010706e-05   9.590309e-03   1.366808e-01   8.536383e-01
         8.1500   1.572919e-77   7.630958e-69   3.056354e-62   4.844704e-57   4.353570e-52   3.750007e-47   3.002357e-42   1.289647e-37   3.351904e-33   5.950000e-29   6.092935e-25   1.387354e-21   2.465336e-18   2.171139e-15   1.355987e-12   6.450748e-10   2.527224e-07   5.556543e-05   6.804945e-03   1.170586e-01   8.760807e-01
         8.2000   9.479887e-79   5.228201e-70   2.386299e-63   4.267940e-58   4.351697e-53   4.269953e-48   3.897027e-43   1.914205e-38   5.692336e-34   1.157752e-29   1.366348e-25   3.579223e-22   7.364765e-19   7.507292e-16   5.430099e-13   2.998169e-10   1.357480e-07   3.449489e-05   4.857065e-03   1.003597e-01   8.947486e-01
         8.2500   5.845789e-80   3.663289e-71   1.904914e-64   3.840505e-59   4.439693e-54   4.959821e-49   5.156813e-44   2.894617e-39   9.842253e-35   2.291967e-30   3.114497e-26   9.375149e-23   2.230320e-19   2.627719e-16   2.197887e-13   1.406048e-10   7.347351e-08   2.155239e-05   3.486430e-03   8.616021e-02   9.103317e-01
         8.3000   3.682868e-81   2.621232e-72   1.552499e-65   3.524872e-60   4.616336e-55   5.868761e-50   6.947253e-45   4.453552e-40   1.730413e-35   4.610616e-31   7.207380e-27   2.490464e-23   6.840293e-20   9.302269e-17   8.984785e-14   6.648996e-11   4.004990e-08   1.354688e-05   2.515819e-03   7.407880e-02   9.233918e-01
         8.3500   2.367125e-82   1.912730e-73   1.290020e-66   3.295153e-61   4.885231e-56   7.064362e-51   9.516069e-46   6.962791e-41   3.089742e-36   9.413509e-32   1.691310e-27   6.702355e-24   2.122531e-20   3.327528e-17   3.706489e-14   3.168262e-11   2.197265e-08   8.561682e-06   1.824147e-03   6.378416e-02   9.343831e-01
         8.4000   1.550286e-83   1.421634e-74   1.091561e-67   3.133637e-62   5.255077e-57   8.640186e-52   1.323765e-46   1.104935e-41   5.596853e-37   1.948655e-32   4.020559e-28   1.825610e-24   6.657731e-21   1.201794e-17   1.541903e-14   1.520273e-11   1.212630e-08   5.437847e-06   1.328265e-03   5.499411e-02   9.436722e-01
         8.4500   1.033329e-84   1.074972e-75   9.394626e-69   3.027890e-63   5.739245e-58   1.072472e-52   1.868012e-47   1.777830e-42   1.027436e-37   4.085695e-33   9.672463e-29   5.028216e-25   2.109160e-21   4.378861e-18   6.463534e-15   7.341329e-12   6.727919e-09   3.468961e-06   9.707351e-04   4.747119e-02   9.515546e-01
         8.5000   7.001920e-86   8.260476e-77   8.215220e-70   2.969342e-64   6.356511e-59   1.349523e-53   2.671160e-48   2.897318e-43   1.909508e-38   8.668175e-34   2.352734e-29   1.399140e-25   6.742850e-22   1.608343e-18   2.728288e-15   3.565321e-12   3.750400e-09   2.221388e-06   7.116149e-04   4.101696e-02   9.582692e-01
         8.5500   4.818582e-87   6.444527e-78   7.292061e-71   2.952382e-65   7.132297e-60   1.719795e-54   3.866847e-49   4.778100e-44   3.589708e-39   1.859305e-34   5.781493e-30   3.930177e-26   2.173774e-22   5.951017e-19   1.158906e-15   1.740395e-12   2.099346e-09   1.427140e-06   5.229403e-04   3.546613e-02   9.640095e-01
         8.6000   3.364351e-88   5.099389e-79   6.563561e-72   2.973189e-66   8.098887e-61   2.217297e-55   5.661284e-50   7.966095e-45   6.819601e-40   4.028479e-35   1.434043e-30   1.113536e-26   7.061296e-23   2.216591e-19   4.950558e-16   8.534071e-13   1.179364e-09   9.193442e-07   3.849967e-04   3.068119e-02   9.689329e-01
         8.6500   2.380710e-89   4.088242e-80   5.984673e-73   3.029287e-67   9.296695e-62   2.889044e-56   8.373735e-51   1.341297e-45   1.307952e-40   8.808131e-36   3.587086e-31   3.179466e-27   2.309377e-23   8.304764e-20   2.125194e-16   4.200886e-13   6.645104e-10   5.934737e-07   2.837911e-04   2.654768e-02   9.731679e-01
         8.7000   1.705598e-90   3.317372e-81   5.522096e-74   3.119268e-68   1.077596e-62   3.800086e-57   1.249994e-51   2.278473e-46   2.529990e-41   1.941572e-36   9.040063e-32   9.140459e-28   7.597604e-24   3.127319e-20   9.161406e-17   2.074484e-13   3.752946e-10   3.836861e-07   2.093255e-04   2.297016e-02   9.768201e-01
         8.7500   1.235837e-91   2.721738e-82   5.150962e-75   3.242588e-69   1.259877e-63   5.040467e-58   1.881144e-52   3.900800e-47   4.930630e-42   4.310472e-37   2.293203e-32   2.643326e-28   2.512224e-24   1.182695e-20   3.962990e-17   1.026998e-13   2.123171e-10   2.482809e-07   1.544117e-04   1.986887e-02   9.799765e-01
         8.8000   9.045796e-93   2.255202e-83   4.851640e-76   3.398799e-70   1.483889e-64   6.733634e-59   2.850590e-53   6.722607e-48   9.670206e-43   9.627260e-38   5.848918e-33   7.681343e-29   8.340881e-25   4.487868e-21   1.718849e-17   5.093532e-14   1.202442e-10   1.607120e-07   1.138507e-04   1.717691e-02   9.827091e-01
         8.8500   6.656999e-94   1.878286e-84   4.592586e-77   3.575021e-71   1.752209e-65   9.016694e-60   4.328860e-54   1.160733e-48   1.899607e-43   2.152996e-38   1.492941e-33   2.232624e-29   2.768084e-25   1.701374e-21   7.444676e-18   2.521550e-14   6.796539e-11   1.038400e-07   8.386139e-05   1.483798e-02   9.850781e-01
         8.9000   4.938945e-95   1.576732e-85   4.381063e-78   3.783619e-72   2.079808e-66   1.213422e-60   6.605330e-55   2.013268e-49   3.747654e-44   4.834247e-39   3.824210e-34   6.508917e-30   9.207888e-26   6.461042e-22   3.227895e-18   1.248721e-14   3.840501e-11   6.703141e-08   6.168020e-05   1.280451e-02   9.871337e-01
