# CIE ionization fractions for Si (Z=14)
# Source: CHIANTI v11.0.2 chianti.ioneq (Dere et al. 2009)
# T grid: 101 log-spaced points, 10^4.00 K -> 10^9.00 K
# Generated by pyathena/photchem/data/build_ioneq_tables.py
#
# log_T_K        x_Si0          x_Si1          x_Si2          x_Si3          x_Si4          x_Si5          x_Si6          x_Si7          x_Si8          x_Si9          x_Si10         x_Si11         x_Si12         x_Si13         x_Si14       
         4.0000   4.852806e-01   5.147098e-01   9.607841e-06   3.585822e-20   9.762882e-41  1.858775e-123  7.724284e-226   0.000000e+00   0.000000e+00   0.000000e+00   0.000000e+00   0.000000e+00   0.000000e+00   0.000000e+00   0.000000e+00
         4.0500   2.315824e-01   7.682958e-01   1.217935e-04   3.276348e-17   3.055287e-35  9.315890e-109  7.857119e-200  1.888627e-310   0.000000e+00   0.000000e+00   0.000000e+00   0.000000e+00   0.000000e+00   0.000000e+00   0.000000e+00
         4.1000   9.918873e-02   8.998695e-01   9.418040e-04   1.104632e-14   1.898797e-30   9.405667e-96  9.633657e-177  2.881815e-275   0.000000e+00   0.000000e+00   0.000000e+00   0.000000e+00   0.000000e+00   0.000000e+00   0.000000e+00
         4.1500   4.387705e-02   9.509348e-01   5.188196e-03   1.658824e-12   3.025684e-26   3.167664e-84  3.203375e-156  5.858262e-244   0.000000e+00   0.000000e+00   0.000000e+00   0.000000e+00   0.000000e+00   0.000000e+00   0.000000e+00
         4.2000   2.126056e-02   9.570093e-01   2.173014e-02   1.232555e-10   1.458179e-22   5.239450e-74  5.588437e-138  4.263501e-216  3.430746e-313   0.000000e+00   0.000000e+00   0.000000e+00   0.000000e+00   0.000000e+00   0.000000e+00
         4.2500   1.131965e-02   9.184594e-01   7.022094e-02   4.846784e-09   2.398153e-19   5.851471e-65  8.965887e-122  2.608883e-191  7.950044e-278   0.000000e+00   0.000000e+00   0.000000e+00   0.000000e+00   0.000000e+00   0.000000e+00
         4.3000   6.388881e-03   8.191772e-01   1.744338e-01   1.066169e-07   1.492092e-16   5.832991e-57  2.170669e-107  2.856986e-169  2.380633e-246   0.000000e+00   0.000000e+00   0.000000e+00   0.000000e+00   0.000000e+00   0.000000e+00
         4.3500   3.636260e-03   6.615636e-01   3.347987e-01   1.393538e-06   3.892246e-14   6.728066e-50   1.245934e-94  1.108646e-149  2.427692e-218  7.011463e-298   0.000000e+00   0.000000e+00   0.000000e+00   0.000000e+00   0.000000e+00
         4.4000   2.026291e-03   4.841910e-01   5.137710e-01   1.171848e-05   4.786964e-12   1.161141e-43   2.601305e-83  2.872925e-132  2.050149e-193  2.632474e-264   0.000000e+00   0.000000e+00   0.000000e+00   0.000000e+00   0.000000e+00
         4.4500   1.107290e-03   3.307035e-01   6.681196e-01   6.960349e-05   3.151843e-10   3.855659e-38   2.958438e-73  8.940438e-117  3.235941e-171  2.151536e-234  5.460649e-307   0.000000e+00   0.000000e+00   0.000000e+00   0.000000e+00
         4.5000   6.027894e-04   2.185437e-01   7.805355e-01   3.180728e-04   1.247065e-08   3.089300e-33   2.633165e-64  5.650514e-103  1.976875e-151  1.003047e-207  1.841277e-272   0.000000e+00   0.000000e+00   0.000000e+00   0.000000e+00
         4.5500   3.311509e-04   1.434441e-01   8.550321e-01   1.192347e-03   3.247175e-07   7.220593e-29   2.504054e-56   1.145359e-90  8.841307e-134  6.221603e-184  1.174568e-241  1.137863e-309   0.000000e+00   0.000000e+00   0.000000e+00
         4.6000   1.846836e-04   9.483054e-02   9.011515e-01   3.827353e-03   5.948620e-06   5.747996e-25   3.312285e-49   1.104067e-79  5.040536e-118  1.077349e-162  3.677643e-214  8.717597e-275   0.000000e+00   0.000000e+00   0.000000e+00
         4.6500   1.045380e-04   6.343504e-02   9.255714e-01   1.080856e-02   8.046535e-05   1.769140e-21   7.626495e-43   7.114035e-70  5.940368e-104  9.969025e-144  1.306576e-189  1.193859e-243  4.871835e-303   0.000000e+00   0.000000e+00
         4.7000   5.968750e-05   4.278704e-02   9.290658e-01   2.725618e-02   8.313211e-04   2.334599e-18   3.697098e-37   4.110077e-61   2.204032e-91  8.698111e-127  1.099264e-167  7.444249e-216  9.194597e-269   0.000000e+00   0.000000e+00
         4.7500   3.386738e-05   2.870968e-02   9.031274e-01   6.144938e-02   6.679718e-03   1.429807e-15   4.410380e-32   2.726955e-53   3.690080e-80  1.168667e-111  4.152742e-148  4.793061e-191  3.589397e-238   0.000000e+00   0.000000e+00
         4.8000   1.834549e-05   1.842077e-02   8.198235e-01   1.205085e-01   4.122886e-02   4.232285e-13   1.441617e-27   2.507335e-46   3.715984e-70   3.617306e-98  1.203621e-130  6.396086e-169  6.929319e-211   0.000000e+00   0.000000e+00
         4.8500   8.493352e-06   1.011955e-02   6.243508e-01   1.861377e-01   1.793835e-01   5.812705e-11   1.312939e-23   3.486218e-40   2.681392e-61   3.402649e-86  3.974605e-115  3.035637e-149  1.326633e-186   0.000000e+00   0.000000e+00
         4.9000   2.810321e-06   3.980408e-03   3.345829e-01   1.912449e-01   4.701889e-01   3.288683e-09   3.107210e-20   7.276079e-35   1.487283e-53   1.141906e-75  1.950869e-101  7.608626e-132  4.297470e-165  6.136295e-321   0.000000e+00
         4.9500   6.543367e-07   1.103754e-03   1.244812e-01   1.297417e-01   7.446726e-01   7.945355e-08   2.067710e-17   2.609279e-30   7.777406e-47   1.816540e-66   2.077824e-89  1.650115e-116  4.367878e-146  4.701543e-285   0.000000e+00
         5.0000   1.315997e-07   2.648567e-04   3.952273e-02   7.182244e-02   8.883888e-01   1.053413e-06   5.172629e-15   2.264171e-26   5.745561e-41   2.205141e-58   8.408983e-79  6.007946e-103  3.017801e-129  3.629079e-253   0.000000e+00
         5.0500   2.684026e-08   6.455511e-05   1.258653e-02   3.831730e-02   9.490222e-01   9.392564e-06   6.196289e-13   6.358877e-23   8.487067e-36   3.084984e-51   2.105568e-69   6.549276e-91  2.788864e-114  8.782090e-225   0.000000e+00
         5.1000   5.909267e-09   1.700895e-05   4.283866e-03   2.108204e-02   9.745547e-01   6.240882e-05   4.094308e-11   6.970694e-20   3.184236e-31   6.703848e-45   4.703525e-61   3.341022e-80  5.881684e-101  1.709785e-199  5.860436e-308
         5.1500   1.434125e-09   4.945731e-06   1.592577e-03   1.227329e-02   9.858022e-01   3.270090e-04   1.640451e-09   3.420238e-17   3.649697e-27   2.873460e-39   1.264694e-53   1.155879e-70   4.435662e-89  6.037669e-177  1.024254e-273
         5.2000   3.872789e-10   1.601506e-06   6.538437e-04   7.670574e-03   9.902691e-01   1.404819e-03   4.293160e-08   8.404871e-15   1.493496e-23   2.983250e-34   5.307789e-47   3.747052e-62   1.771831e-78  7.921742e-157  3.608977e-243
         5.2500   1.170462e-10   5.807156e-07   2.983529e-04   5.195647e-03   9.894104e-01   5.094289e-03   7.796197e-07   1.136265e-12   2.492321e-20   8.961075e-30   4.361679e-41   1.510430e-54   5.293216e-69  7.279863e-139  6.634638e-216
         5.3000   3.956593e-11   2.356259e-07   1.512113e-04   3.822188e-03   9.801033e-01   1.591279e-02   1.029446e-05   9.115261e-11   1.893990e-17   9.050681e-26   8.521897e-36   9.664629e-48   1.595504e-60  8.178552e-123  1.473224e-191
         5.3500   1.467251e-11   1.049261e-07   8.348689e-05   3.002547e-03   9.535689e-01   4.324288e-02   1.020361e-04   4.591084e-09   7.148804e-15   3.472800e-22   4.651901e-31   1.205874e-41   6.261944e-53  1.823562e-108  8.250914e-170
         5.4000   5.748113e-12   4.937477e-08   4.836027e-05   2.430689e-03   8.947667e-01   1.019831e-01   7.709455e-04   1.505392e-07   1.426834e-12   5.558673e-19   8.067306e-27   3.470393e-36   3.955005e-46   1.223759e-95  2.212031e-150
         5.4500   2.261580e-12   2.333576e-08   2.795805e-05   1.932295e-03   7.878498e-01   2.057456e-01   4.441050e-03   3.270533e-06   1.568099e-10   3.970121e-16   4.903900e-23   2.632324e-31   4.776668e-40   3.524523e-84  4.943919e-133
         5.5000   8.415292e-13   1.042891e-08   1.521488e-05   1.424707e-03   6.311063e-01   3.480545e-01   1.935189e-02   4.739350e-05   9.743384e-09   1.329760e-13   1.128654e-19   5.863528e-27   1.272796e-34   5.913189e-74  1.494254e-117
         5.5500   2.847366e-13   4.236597e-09   7.506629e-06   9.393498e-04   4.487364e-01   4.863614e-01   6.349348e-02   4.615409e-04   3.508086e-07   2.184333e-11   1.053647e-16   4.223493e-23   8.499120e-30   7.587231e-65  9.398325e-104
         5.6000   8.579532e-14   1.531903e-09   3.292561e-06   5.436152e-04   2.796191e-01   5.590878e-01   1.576711e-01   3.067610e-03   7.544664e-06   1.845828e-09   4.274446e-14   1.079763e-19   1.604886e-25   9.559061e-57   1.819512e-91
         5.6500   2.273652e-14   4.868921e-10   1.267939e-06   2.729443e-04   1.524641e-01   5.320825e-01   3.008246e-01   1.425381e-02   1.006000e-04   8.455391e-08   8.088857e-12   1.074358e-16   9.631684e-22   1.491112e-49   1.551029e-80
         5.7000   5.298951e-15   1.360004e-10   4.283281e-07   1.188845e-04   7.338591e-02   4.259987e-01   4.517904e-01   4.783400e-02   8.695240e-04   2.224489e-06   7.687953e-10   4.563970e-14   2.060171e-18   3.578080e-43   8.093905e-71
         5.7500   1.115151e-15   3.427424e-11   1.302077e-07   4.610965e-05   3.164077e-02   2.930519e-01   5.498090e-01   1.203043e-01   5.112104e-03   3.568610e-05   3.951781e-08   9.061043e-12   1.753162e-15   1.615449e-37   3.495809e-62
         5.8000   2.145777e-16   7.889104e-12   3.602902e-08   1.611893e-05   1.235694e-02   1.761750e-01   5.555394e-01   2.342035e-01   2.133950e-02   3.683199e-04   1.173501e-06   9.111494e-10   6.545934e-13   1.641800e-32   1.634769e-54
         5.8500   3.773988e-17   1.657533e-12   9.067397e-09   5.078541e-06   4.385421e-03   9.332763e-02   4.731748e-01   3.611512e-01   6.538099e-02   2.553581e-03   2.125045e-05   4.962009e-08   1.164621e-10   4.386161e-28   1.046662e-47
         5.9000   5.965967e-18   3.125292e-13   2.041425e-09   1.419360e-06   1.412259e-03   4.369093e-02   3.428158e-01   4.485609e-01   1.509470e-01   1.232452e-02   2.455750e-04   1.549419e-06   1.059897e-08   3.527623e-24   1.127981e-41
         5.9500   8.619129e-19   5.376669e-14   4.181578e-10   3.580904e-07   4.118983e-04   1.810715e-02   2.127920e-01   4.552190e-01   2.687909e-01   4.276217e-02   1.886786e-03   2.921073e-05   5.260020e-07   9.645580e-21   2.461594e-36
         6.0000   1.137236e-19   8.434254e-15   7.788729e-11   8.156284e-08   1.086243e-04   6.652872e-03   1.138582e-01   3.822807e-01   3.769121e-01   1.098209e-01   1.000297e-02   3.485174e-04   1.508594e-05   1.000356e-17   1.283966e-31
         6.0500   1.365680e-20   1.202194e-15   1.314822e-11   1.672725e-08   2.580152e-05   2.164188e-03   5.265593e-02   2.679243e-01   4.227773e-01   2.137107e-01   3.773961e-02   2.739281e-03   2.628389e-04   4.330302e-15   1.852173e-27
         6.1000   1.476834e-21   1.540294e-16   1.990517e-12   3.058295e-09   5.461537e-06   6.180083e-04   2.093878e-02   1.566893e-01   3.816423e-01   3.192673e-01   1.033581e-01   1.459341e-02   2.887322e-03   8.458589e-13   8.354442e-24
         6.1500   1.379299e-22   1.701200e-17   2.592563e-13   4.785310e-10   1.004368e-06   1.512948e-04   7.011545e-03   7.520199e-02   2.741239e-01   3.642967e-01   2.056987e-01   5.317842e-02   2.033650e-02   7.862669e-11   1.293190e-20
         6.2000   1.069814e-23   1.557383e-18   2.794350e-14   6.165705e-11   1.528763e-07   3.029515e-05   1.890772e-03   2.842557e-02   1.510174e-01   3.077380e-01   2.899591e-01   1.301513e-01   9.078734e-02   3.551278e-09   7.267871e-18
         6.2500   6.601513e-25   1.132113e-19   2.388647e-15   6.272283e-12   1.836518e-08   4.736976e-06   3.927641e-04   8.117959e-03   6.144003e-02   1.861901e-01   2.815230e-01   2.094256e-01   2.529057e-01   7.896835e-08   1.551047e-15
         6.3000   3.335129e-26   6.725130e-21   1.667096e-16   5.188450e-13   1.791556e-09   5.956878e-07   6.483478e-05   1.811487e-03   1.914870e-02   8.403264e-02   1.969759e-01   2.331700e-01   4.647950e-01   9.376296e-07   1.402289e-13
         6.3500   1.543835e-27   3.653746e-22   1.063097e-17   3.907119e-14   1.587922e-10   6.746542e-08   9.537099e-06   3.549077e-04   5.150380e-03   3.198034e-02   1.127144e-01   2.048896e-01   6.448938e-01   6.957106e-06   6.445934e-12
         6.4000   7.300058e-29   2.024177e-23   6.903212e-19   2.986112e-15   1.425228e-11   7.675300e-09   1.395907e-06   6.828575e-05   1.339963e-03   1.153599e-02   5.949684e-02   1.609559e-01   7.665643e-01   3.733201e-05   1.782990e-10
         6.4500   3.751779e-30   1.216659e-24   4.854774e-20   2.464354e-16   1.378267e-12   9.338261e-10   2.166426e-07   1.376953e-05   3.604653e-04   4.226693e-03   3.113635e-02   1.219170e-01   8.421866e-01   1.589791e-04   3.322470e-09
         6.5000   2.153314e-31   8.151571e-26   3.797744e-21   2.256286e-17   1.475628e-13   1.249189e-10   3.668312e-08   2.997740e-06   1.034363e-04   1.626104e-03   1.674346e-02   9.255004e-02   8.884075e-01   5.663757e-04   4.475694e-08
         6.5500   1.378625e-32   6.080892e-27   3.300107e-22   2.289414e-18   1.765992e-14   1.855936e-11   6.850238e-09   7.129859e-07   3.207523e-05   6.666565e-04   9.409118e-03   7.176281e-02   9.163872e-01   1.740928e-03   4.567192e-07
         6.6000   9.924334e-34   5.090981e-28   3.211180e-23   2.595624e-19   2.361829e-15   3.062940e-12   1.411814e-09   1.855472e-07   1.077715e-05   2.924697e-04   5.559010e-03   5.728203e-02   9.321434e-01   4.708496e-03   3.651630e-06
         6.6500   7.989445e-35   4.757819e-29   3.480739e-24   3.271686e-20   3.508353e-16   5.583022e-13   3.194582e-10   5.259457e-08   3.909172e-06   1.369776e-04   3.449963e-03   4.708953e-02   9.379406e-01   1.135554e-02   2.347725e-05
         6.7000   7.117032e-36   4.911689e-30   4.159774e-25   4.538507e-21   5.727039e-17   1.112444e-13   7.858445e-11   1.609034e-08   1.517809e-06   6.798030e-05   2.235260e-03   3.966492e-02   9.332525e-01   2.465385e-02   1.239186e-04
         6.7500   6.898860e-37   5.508611e-31   5.391500e-26   6.816867e-22   1.010370e-17   2.383714e-14   2.068274e-11   5.231904e-09   6.216206e-07   3.526616e-05   1.493585e-03   3.387362e-02   9.155330e-01   4.851782e-02   5.461199e-04
         6.8000   7.157662e-38   6.602404e-32   7.456383e-27   1.090893e-22   1.895164e-18   5.405285e-15   5.732921e-12   1.780690e-09   2.645843e-07   1.885398e-05   1.015628e-03   2.897107e-02   8.809998e-01   8.695728e-02   2.037136e-03
         6.8500   7.809222e-39   8.309530e-33   1.081343e-27   1.828051e-23   3.714524e-19   1.275154e-15   1.645678e-12   6.241311e-10   1.152065e-07   1.023171e-05   6.928236e-04   2.449222e-02   8.259579e-01   1.423451e-01   6.501628e-03
         6.9000   8.774985e-40   1.075623e-33   1.610927e-28   3.142690e-24   7.453536e-20   3.066969e-16   4.795721e-13   2.209686e-10   5.036772e-08   5.536703e-06   4.663176e-04   2.017060e-02   7.484011e-01   2.130566e-01   1.789973e-02
         6.9500   9.943452e-41   1.402283e-34   2.414391e-29   5.428694e-25   1.499773e-20   7.368392e-17   1.390383e-13   7.746085e-11   2.168222e-08   2.931716e-06   3.042918e-04   1.593624e-02   6.495864e-01   2.914165e-01   4.275369e-02
         7.0000   1.122728e-41   1.819398e-35   3.597776e-30   9.312635e-26   2.991189e-21   1.748288e-17   3.966087e-14   2.659793e-11   9.094085e-09   1.503495e-06   1.906222e-04   1.196711e-02   5.352526e-01   3.636452e-01   8.894300e-02
         7.0500   1.246290e-42   2.318052e-36   5.259851e-31   1.565581e-26   5.835862e-22   4.044055e-18   1.099025e-14   8.835389e-12   3.671708e-09   7.381654e-07   1.134265e-04   8.464701e-03   4.158239e-01   4.137314e-01   1.618658e-01
         7.1000   1.348050e-43   2.874636e-37   7.477897e-32   2.556698e-27   1.104143e-22   9.042505e-19   2.933804e-15   2.817341e-12   1.416621e-09   3.446563e-07   6.375632e-05   5.619331e-03   3.039941e-01   4.306164e-01   2.597061e-01
         7.1500   1.411132e-44   3.446326e-38   1.026822e-32   4.028534e-28   2.012357e-23   1.941821e-19   7.496902e-16   8.569059e-13   5.191742e-10   1.522360e-07   3.373527e-05   3.499539e-03   2.102176e-01   4.139201e-01   3.723289e-01
         7.2000   1.455210e-45   4.065959e-39   1.386241e-33   6.234687e-29   3.596774e-24   4.077859e-20   1.867620e-16   2.532359e-13   1.840953e-10   6.477742e-08   1.710347e-05   2.078707e-03   1.390815e-01   3.729769e-01   4.858456e-01
         7.2500   1.493273e-46   4.768297e-40   1.858547e-34   9.573746e-30   6.377897e-25   8.473763e-21   4.590381e-17   7.360444e-14   6.395097e-11   2.689273e-08   8.420310e-06   1.194655e-03   8.931498e-02   3.205515e-01   5.889304e-01
         7.3000   1.541572e-47   5.619772e-41   2.501894e-35   1.474758e-30   1.134969e-25   1.762837e-21   1.126454e-17   2.129634e-14   2.203281e-11   1.103093e-08   4.078686e-06   6.735707e-04   5.644459e-02   2.670392e-01   6.758386e-01
         7.3500   1.617420e-48   6.724566e-42   3.416411e-36   2.302457e-31   2.045235e-26   3.705323e-22   2.785788e-18   6.194016e-15   7.604089e-12   4.516464e-09   1.964790e-06   3.768061e-04   3.549481e-02   2.184496e-01   7.456768e-01
         7.4000   1.719819e-49   8.146667e-43   4.719223e-37   3.633329e-32   3.721453e-27   7.847773e-23   6.925580e-19   1.806744e-15   2.624812e-12   1.844992e-09   9.424258e-07   2.099601e-04   2.238457e-02   1.771385e-01   8.002660e-01
         7.4500   1.871842e-50   1.009273e-43   6.660827e-38   5.853777e-33   6.905918e-28   1.691867e-23   1.748547e-19   5.339686e-16   9.151554e-13   7.590241e-10   4.540989e-07   1.174208e-04   1.422819e-02   1.432873e-01   8.423666e-01
         7.5000   2.096254e-51   1.285375e-44   9.656947e-39   9.680549e-34   1.313863e-28   3.732712e-24   4.507999e-20   1.607950e-16   3.241669e-13   3.163305e-10   2.210791e-07   6.626244e-05   9.141773e-03   1.160856e-01   8.747062e-01
         7.5500   2.416483e-52   1.683603e-45   1.438863e-39   1.644096e-34   2.564035e-29   8.433342e-25   1.187667e-20   4.938034e-17   1.167884e-13   1.337244e-10   1.089197e-07   3.779688e-05   5.946000e-03   9.442028e-02   8.995958e-01
         7.6000   2.865949e-53   2.266933e-46   2.202345e-40   2.866512e-35   5.130847e-30   1.950714e-25   3.197110e-21   1.546566e-17   4.280427e-14   5.736486e-11   5.433811e-08   2.180973e-05   3.917023e-03   7.720417e-02   9.188569e-01
         7.6500   3.493477e-54   3.134776e-47   3.459686e-41   5.126193e-36   1.051903e-30   4.616306e-26   8.788390e-22   4.937519e-18   1.595529e-14   2.496884e-11   2.745245e-08   1.273297e-05   2.613296e-03   6.349982e-02   9.338741e-01
         7.7000   4.371263e-55   4.446504e-48   5.571442e-42   9.392081e-37   2.207074e-31   1.116571e-26   2.464816e-22   1.605685e-18   6.045220e-15   1.102303e-11   1.404248e-08   7.520093e-06   1.764936e-03   5.254537e-02   9.456822e-01
         7.7500   5.604489e-56   6.458268e-49   9.182002e-43   1.760070e-37   4.731676e-32   2.756222e-27   7.043367e-23   5.313394e-19   2.326260e-15   4.932727e-12   7.269334e-09   4.491060e-06   1.205848e-03   4.374009e-02   9.550496e-01
         7.8000   7.293032e-57   9.514403e-50   1.534077e-43   3.342076e-38   1.026867e-32   6.879525e-28   2.032014e-23   1.772856e-19   9.013081e-16   2.220116e-12   3.783932e-09   2.700324e-06   8.328061e-04   3.661743e-02   9.625471e-01
         7.8500   9.688019e-58   1.430034e-50   2.613642e-44   6.468235e-39   2.269367e-33   1.746789e-28   5.955165e-24   6.001044e-20   3.536709e-16   1.010294e-12   1.989058e-09   1.638625e-06   5.809290e-04   3.081739e-02   9.686000e-01
         7.9000   1.313055e-58   2.191776e-51   4.538755e-45   1.275428e-39   5.105418e-34   4.510569e-29   1.772548e-24   2.060535e-20   1.405532e-16   4.648940e-13   1.056010e-09   1.003568e-06   4.089425e-04   2.606259e-02   9.735275e-01
         7.9500   1.812972e-59   3.420492e-52   8.022192e-46   2.558676e-40   1.167640e-34   1.182961e-29   5.352080e-25   7.168783e-21   5.651469e-17   2.161234e-13   5.657829e-10   6.198408e-07   2.902653e-04   2.213892e-02   9.775702e-01
         8.0000   2.546429e-60   5.427665e-53   1.441187e-46   5.215346e-41   2.711327e-35   3.147203e-30   1.637475e-25   2.524395e-21   2.296889e-17   1.014170e-13   3.056638e-10   3.857825e-07   2.075689e-04   1.888048e-02   9.809116e-01
         8.0500   3.633644e-61   8.746318e-54   2.628383e-47   1.078807e-41   6.384968e-36   8.484453e-31   5.071327e-26   8.988948e-22   9.427664e-18   4.800009e-14   1.663929e-10   2.417791e-07   1.494219e-04   1.615811e-02   9.836922e-01
         8.1000   5.261498e-62   1.429641e-54   4.860875e-48   2.262171e-42   1.523321e-36   2.315475e-31   1.588437e-26   3.233948e-22   3.904932e-18   2.289747e-14   9.120782e-11   1.524801e-07   1.081965e-04   1.387065e-02   9.860210e-01
         8.1500   7.722114e-63   2.367762e-55   9.106050e-49   4.803672e-43   3.678291e-37   6.390863e-32   5.027286e-27   1.174543e-22   1.630915e-18   1.100116e-14   5.030878e-11   9.670093e-08   7.874667e-05   1.193841e-02   9.879827e-01
         8.2000   1.147564e-63   3.969420e-56   1.726302e-49   1.032002e-43   8.981229e-38   1.782438e-32   1.606423e-27   4.303166e-23   6.863609e-19   5.320028e-15   2.790610e-11   6.163004e-08   5.756476e-05   1.029820e-02   9.896442e-01
         8.2500   1.725033e-64   6.729358e-57   3.308765e-50   2.241036e-44   2.215550e-38   5.019320e-33   5.178505e-28   1.589168e-23   2.908575e-19   2.587864e-15   1.555738e-11   3.944840e-08   4.223599e-05   8.899600e-03   9.910581e-01
         8.3000   2.620297e-65   1.152509e-57   6.405515e-51   4.914345e-45   5.516822e-39   1.425858e-33   1.682705e-28   5.911240e-24   1.240233e-19   1.265423e-15   8.711330e-12   2.534359e-08   3.108256e-05   7.702136e-03   9.922668e-01
         8.3500   4.017739e-66   1.992034e-58   1.251266e-51   1.087198e-45   1.385331e-39   4.082506e-34   5.506894e-29   2.212948e-24   5.317449e-20   6.215917e-16   4.896292e-12   1.633186e-08   2.292852e-05   6.673096e-03   9.933040e-01
         8.4000   6.212152e-67   3.471312e-59   2.463904e-52   2.424142e-46   3.504870e-40   1.177109e-34   1.813584e-29   8.331162e-25   2.290667e-20   3.065187e-16   2.760641e-12   1.055022e-08   1.694289e-05   5.785893e-03   9.941972e-01
         8.4500   9.675519e-68   6.092406e-60   4.885834e-53   5.442328e-47   8.925464e-41   3.414703e-35   6.005180e-30   3.151677e-25   9.907447e-21   1.516349e-16   1.560408e-12   6.827804e-09   1.253399e-05   5.018787e-03   9.949687e-01
         8.5000   1.514057e-68   1.074128e-60   9.731414e-54   1.227093e-47   2.282096e-41   9.941640e-36   1.994399e-30   1.195293e-25   4.293159e-21   7.511255e-17   8.827912e-13   4.421550e-09   9.277468e-06   4.353895e-03   9.956368e-01
         8.5500   2.377428e-69   1.900054e-61   1.944524e-54   2.775374e-48   5.851676e-42   2.901668e-36   6.636343e-31   4.539570e-26   1.861701e-21   3.721405e-17   4.993592e-13   2.862358e-09   6.867008e-06   3.776424e-03   9.962167e-01
         8.6000   3.748996e-70   3.374989e-62   3.901312e-55   6.302067e-49   1.506084e-42   8.498002e-37   2.214565e-31   1.728182e-26   8.087007e-22   1.845774e-17   2.826252e-13   1.853017e-09   5.080128e-06   3.274063e-03   9.967209e-01
         8.6500   5.931568e-71   6.014338e-63   7.852106e-56   1.435443e-49   3.887564e-43   2.495259e-37   7.405549e-32   6.589909e-27   3.516537e-22   9.159068e-18   1.599535e-13   1.198949e-09   3.754343e-06   2.836507e-03   9.971597e-01
         8.7000   9.408074e-72   1.074358e-63   1.584097e-56   3.277012e-50   1.005598e-43   7.340329e-38   2.479833e-32   2.515268e-27   1.529725e-22   4.544287e-18   9.047298e-14   7.749294e-10   2.770392e-06   2.455081e-03   9.975421e-01
         8.7500   1.494767e-72   1.922328e-64   3.200908e-57   7.492716e-51   2.604837e-44   2.161814e-38   8.309992e-33   9.603569e-28   6.653181e-23   2.253123e-18   5.111680e-14   5.000970e-10   2.040353e-06   2.122437e-03   9.978755e-01
         8.8000   2.377361e-73   3.442992e-65   6.474073e-58   1.714713e-51   6.752696e-45   6.370374e-39   2.785135e-33   3.665979e-28   2.891638e-23   1.115846e-18   2.883593e-14   3.221003e-10   1.499158e-06   1.832315e-03   9.981662e-01
         8.8500   3.782656e-74   6.168949e-66   1.309890e-58   3.925348e-52   1.750921e-45   1.877222e-39   9.331103e-34   1.398430e-28   1.255325e-23   5.517412e-19   1.623498e-14   2.069676e-10   1.098506e-06   1.579348e-03   9.984196e-01
         8.9000   6.017800e-75   1.105139e-66   2.649795e-59   8.984002e-53   4.538645e-46   5.529124e-40   3.123621e-34   5.328340e-29   5.441085e-24   2.722761e-19   9.119180e-15   1.326270e-10   8.024509e-07   1.358914e-03   9.986403e-01
         8.9500   9.567704e-76   1.978551e-67   5.356806e-60   2.054782e-53   1.175608e-46   1.627045e-40   1.044350e-34   2.027106e-29   2.353843e-24   1.340545e-19   5.108661e-15   8.473130e-11   5.841931e-07   1.167005e-03   9.988324e-01
         9.0000   1.519535e-76   3.538419e-68   1.081747e-60   4.694383e-54   3.041538e-47   4.781555e-41   3.486025e-35   7.697271e-30   1.015983e-24   6.582877e-20   2.853493e-15   5.395270e-11   4.237312e-07   1.000134e-03   9.989994e-01
