# CIE ionization fractions for Si (Z=14)
# Source: CHIANTI v11.0.2 chianti.ioneq (Dere et al. 2009)
# T grid: 101 log-spaced points, 10^4.00 K -> 10^9.00 K
# Generated by pyathena/photchem/data/build_ioneq_tables.py
#
# log_T_K        x_Si0          x_Si1          x_Si2          x_Si3          x_Si4          x_Si5          x_Si6          x_Si7          x_Si8          x_Si9          x_Si10         x_Si11         x_Si12         x_Si13         x_Si14       
         4.0000   4.000843e-01   5.998980e-01   1.768244e-05   4.023290e-24   1.698032e-50  1.005312e-138  2.284186e-246   0.000000e+00   0.000000e+00   0.000000e+00   0.000000e+00   0.000000e+00   0.000000e+00   0.000000e+00   0.000000e+00
         4.0500   2.074625e-01   7.923287e-01   2.087805e-04   2.185714e-20   1.798166e-43  1.002265e-121  2.758179e-217   0.000000e+00   0.000000e+00   0.000000e+00   0.000000e+00   0.000000e+00   0.000000e+00   0.000000e+00   0.000000e+00
         4.1000   9.388314e-02   9.044101e-01   1.706803e-03   4.303047e-17   3.075521e-37  1.359088e-106  2.248600e-191  2.471547e-293   0.000000e+00   0.000000e+00   0.000000e+00   0.000000e+00   0.000000e+00   0.000000e+00   0.000000e+00
         4.1500   4.250560e-02   9.469906e-01   1.050376e-02   3.562336e-14   1.076692e-31   4.157405e-93  2.844872e-168  8.084055e-259   0.000000e+00   0.000000e+00   0.000000e+00   0.000000e+00   0.000000e+00   0.000000e+00   0.000000e+00
         4.2000   2.035419e-02   9.289079e-01   5.073789e-02   1.346923e-11   9.063086e-27   4.281864e-81  1.114431e-147  4.798504e-228   0.000000e+00   0.000000e+00   0.000000e+00   0.000000e+00   0.000000e+00   0.000000e+00   0.000000e+00
         4.2500   9.855743e-03   8.056302e-01   1.845140e-01   2.189549e-09   1.851096e-22   1.853465e-70  2.182154e-129  1.129862e-200  3.682916e-288   0.000000e+00   0.000000e+00   0.000000e+00   0.000000e+00   0.000000e+00   0.000000e+00
         4.3000   4.242631e-03   5.463225e-01   4.494348e-01   1.223532e-07   7.798843e-19   3.459116e-61  2.746982e-113  1.765957e-176  3.567901e-254   0.000000e+00   0.000000e+00   0.000000e+00   0.000000e+00   0.000000e+00   0.000000e+00
         4.3500   1.569023e-03   2.862152e-01   7.122136e-01   2.186698e-06   6.653196e-16   3.221253e-53   3.130471e-99  3.227138e-155  3.075127e-224  3.041744e-304   0.000000e+00   0.000000e+00   0.000000e+00   0.000000e+00   0.000000e+00
         4.4000   5.952695e-04   1.424876e-01   8.568996e-01   1.756189e-05   1.691423e-13   2.540333e-46   6.480387e-87  1.671943e-136  7.494384e-198  5.299471e-269   0.000000e+00   0.000000e+00   0.000000e+00   0.000000e+00   0.000000e+00
         4.4500   2.783008e-04   8.321588e-02   9.164140e-01   9.181323e-05   1.931271e-11   2.889656e-40   4.788159e-76  5.720986e-120  1.600860e-174  7.727202e-238  1.514341e-310   0.000000e+00   0.000000e+00   0.000000e+00   0.000000e+00
         4.5000   1.638473e-04   5.945418e-02   9.400048e-01   3.771898e-04   1.236684e-09   6.584203e-35   1.993302e-66  2.423381e-105  7.329543e-154  3.128687e-210  5.005933e-275   0.000000e+00   0.000000e+00   0.000000e+00   0.000000e+00
         4.5500   1.101232e-04   4.773248e-02   9.508402e-01   1.317140e-03   4.947820e-08   3.689285e-30   6.511535e-58   2.116627e-92  1.499688e-135  9.583849e-186  1.677136e-243  1.253550e-311   0.000000e+00   0.000000e+00   0.000000e+00
         4.6000   7.682731e-05   3.946869e-02   9.564039e-01   4.049289e-03   1.316348e-06   5.948674e-26   2.224105e-50   6.033473e-81  2.612894e-119  5.279575e-164  1.724835e-215  3.528008e-276   0.000000e+00   0.000000e+00   0.000000e+00
         4.6500   5.294568e-05   3.214110e-02   9.566282e-01   1.115337e-02   2.434024e-05   3.172080e-22   1.036986e-43   8.524198e-71  6.879681e-105  1.115518e-144  1.423606e-190  1.194089e-244  4.032059e-304   0.000000e+00   0.000000e+00
         4.7000   3.535044e-05   2.534951e-02   9.465463e-01   2.774464e-02   3.241632e-04   6.351396e-19   8.410548e-38   8.634996e-62   4.525671e-92  1.747105e-127  2.170978e-168  1.397109e-216  1.524515e-269   0.000000e+00   0.000000e+00
         4.7500   2.262780e-05   1.918730e-02   9.152862e-01   6.224466e-02   3.259262e-03   5.434839e-16   1.490035e-32   8.751434e-54   1.165423e-80  3.636940e-112  1.278000e-148  1.429691e-191  9.849295e-239   0.000000e+00   0.000000e+00
         4.8000   1.355720e-05   1.361626e-02   8.389408e-01   1.232792e-01   2.415019e-02   2.080857e-13   6.547866e-28   1.100763e-46   1.612625e-70   1.553811e-98  5.130782e-131  2.673333e-169  2.733187e-211   0.000000e+00   0.000000e+00
         4.8500   7.007091e-06   8.350613e-03   6.677111e-01   1.990230e-01   1.249083e-01   3.575706e-11   7.650316e-24   1.985295e-40   1.513930e-61   1.907111e-86  2.215692e-115  1.670741e-149  7.005310e-187   0.000000e+00   0.000000e+00
         4.9000   2.627755e-06   3.722607e-03   3.864408e-01   2.208546e-01   3.889793e-01   2.491313e-09   2.267145e-20   5.226212e-35   1.061361e-53   8.105086e-76  1.379292e-101  5.333544e-132  2.922211e-165  4.076042e-321   0.000000e+00
         4.9500   6.632715e-07   1.119044e-03   1.504041e-01   1.567438e-01   6.917323e-01   6.934030e-08   1.758060e-17   2.194584e-30   6.508783e-47   1.514100e-66   1.726863e-89  1.363323e-116  3.526952e-146  3.728882e-285   0.000000e+00
         5.0000   1.363248e-07   2.744176e-04   4.751774e-02   8.634464e-02   8.658621e-01   9.826755e-07   4.738694e-15   2.058617e-26   5.203758e-41   1.991070e-58   7.576001e-79  5.390139e-103  2.660024e-129  3.155094e-253   0.000000e+00
         5.0500   2.779359e-08   6.685886e-05   1.477287e-02   4.497049e-02   9.401807e-01   9.026064e-06   5.880349e-13   6.002737e-23   7.987516e-36   2.896554e-51   1.973622e-69   6.120043e-91  2.570032e-114  8.006120e-225   0.000000e+00
         5.1000   6.070067e-09   1.747428e-05   4.898589e-03   2.410611e-02   9.709169e-01   6.088640e-05   3.959948e-11   6.716641e-20   3.060885e-31   6.432366e-45   4.507091e-61   3.194103e-80  5.560476e-101  1.602531e-199  5.454031e-308
         5.1500   1.458451e-09   5.030261e-06   1.778081e-03   1.370236e-02   9.841927e-01   3.218126e-04   1.604678e-09   3.336618e-17   3.553756e-27   2.793918e-39   1.228398e-53   1.120704e-70   4.261528e-89  5.760111e-177  9.715733e-274
         5.2000   3.896377e-10   1.611444e-06   7.143710e-04   8.380378e-03   9.895137e-01   1.389897e-03   4.229569e-08   8.263994e-15   1.466252e-23   2.925515e-34   5.200691e-47   3.666261e-62   1.720512e-78  7.647873e-157  3.467780e-243
         5.2500   1.164573e-10   5.778534e-07   3.195893e-04   5.565311e-03   9.890564e-01   5.057396e-03   7.716243e-07   1.122948e-12   2.460121e-20   8.837285e-30   4.298482e-41   1.486841e-54   5.177321e-69  7.086000e-139  6.432523e-216
         5.3000   3.894722e-11   2.319632e-07   1.591450e-04   4.022631e-03   9.799747e-01   1.583305e-02   1.022012e-05   9.039189e-11   1.876325e-17   8.959680e-26   8.431446e-36   9.552984e-48   1.568486e-60  8.007010e-123  1.437518e-191
         5.3500   1.431162e-11   1.023542e-07   8.658878e-05   3.114036e-03   9.536055e-01   4.309224e-02   1.015115e-04   4.563435e-09   7.099951e-15   3.446985e-22   4.615137e-31   1.195386e-41   6.178279e-53  1.792846e-108  8.088806e-170
         5.4000   5.569046e-12   4.784052e-08   4.960099e-05   2.493001e-03   8.949493e-01   1.017397e-01   7.681263e-04   1.498824e-07   1.419642e-12   5.527864e-19   8.019375e-27   3.447399e-36   3.912660e-46   1.206947e-95  2.176261e-150
         5.4500   2.181748e-12   2.251374e-08   2.845162e-05   1.966372e-03   7.881483e-01   2.054239e-01   4.429696e-03   3.260283e-06   1.562287e-10   3.953719e-16   4.881955e-23   2.618966e-31   4.735213e-40   3.484551e-84  4.877324e-133
         5.5000   8.099497e-13   1.003827e-08   1.540278e-05   1.442277e-03   6.314491e-01   3.477275e-01   1.931841e-02   4.728875e-05   9.717099e-09   1.325687e-13   1.124858e-19   5.840681e-27   1.263751e-34   5.857226e-74  1.477305e-117
         5.5500   2.737917e-13   4.074024e-09   7.573369e-06   9.476863e-04   4.490357e-01   4.861257e-01   6.342212e-02   4.608350e-04   3.501254e-07   2.179385e-11   1.050981e-16   4.210776e-23   8.449035e-30   7.526560e-65  9.307470e-104
         5.6000   8.248984e-14   1.472978e-09   3.314348e-06   5.472040e-04   2.798251e-01   5.589912e-01   1.575612e-01   3.064411e-03   7.534075e-06   1.842722e-09   4.266236e-14   1.077217e-19   1.596919e-25   9.493538e-57   1.804318e-91
         5.6500   2.186888e-14   4.683409e-10   1.274391e-06   2.743294e-04   1.525798e-01   5.320977e-01   3.007025e-01   1.424377e-02   1.004977e-04   8.444705e-08   8.076888e-12   1.072336e-16   9.590703e-22   1.482218e-49   1.539687e-80
         5.7000   5.099782e-15   1.308964e-10   4.300558e-07   1.193624e-04   7.344068e-02   4.260630e-01   4.516940e-01   4.781143e-02   8.688779e-04   2.222345e-06   7.679025e-10   4.556963e-14   2.052532e-18   3.559247e-43   8.041409e-71
         5.7500   1.073935e-15   3.300936e-11   1.306355e-07   4.626052e-05   3.166341e-02   2.931170e-01   5.497615e-01   1.202668e-01   5.109304e-03   3.565951e-05   3.948113e-08   9.049469e-12   1.747413e-15   1.607852e-37   3.475476e-62
         5.8000   2.067724e-16   7.602558e-12   3.612798e-08   1.616298e-05   1.236534e-02   1.762216e-01   5.555393e-01   2.341573e-01   2.133091e-02   3.681061e-04   1.172619e-06   9.101666e-10   6.526737e-13   1.634836e-32   1.626167e-54
         5.8500   3.638602e-17   1.598158e-12   9.088742e-09   5.090430e-06   4.388262e-03   9.335488e-02   4.732046e-01   3.611114e-01   6.536202e-02   2.552431e-03   2.123748e-05   4.957451e-08   1.161541e-10   4.369257e-28   1.041644e-47
         5.9000   5.754418e-18   3.014630e-13   2.045641e-09   1.422273e-06   1.413138e-03   4.370458e-02   3.428541e-01   4.485424e-01   1.509170e-01   1.232028e-02   2.454534e-04   1.548202e-06   1.057354e-08   3.515197e-24   1.123027e-41
         5.9500   8.316306e-19   5.188033e-14   4.189316e-10   3.587485e-07   4.121465e-04   1.811312e-02   2.128241e-01   4.552258e-01   2.687575e-01   4.275124e-02   1.886032e-03   2.919107e-05   5.248504e-07   9.614367e-21   2.451641e-36
         6.0000   1.097547e-19   8.140309e-15   7.801893e-11   8.169965e-08   1.086883e-04   6.655161e-03   1.138792e-01   3.823043e-01   3.768886e-01   1.098009e-01   9.999779e-03   3.483164e-04   1.505567e-05   9.973684e-18   1.279166e-31
         6.0500   1.318215e-20   1.160469e-15   1.316889e-11   1.675332e-08   2.581654e-05   2.164965e-03   5.266718e-02   2.679520e-01   4.227739e-01   2.136856e-01   3.773024e-02   2.737934e-03   2.623538e-04   4.318326e-15   1.845747e-27
         6.1000   1.425610e-21   1.486942e-16   1.993487e-12   3.062819e-09   5.464749e-06   6.182448e-04   2.094398e-02   1.567124e-01   3.816602e-01   3.192502e-01   1.033396e-01   1.458744e-02   2.882426e-03   8.436912e-13   8.327514e-24
         6.1500   1.331496e-22   1.642320e-17   2.596365e-13   4.792265e-10   1.004999e-06   1.513609e-04   7.013730e-03   7.521842e-02   2.741585e-01   3.643088e-01   2.056807e-01   5.316217e-02   2.030534e-02   7.844179e-11   1.289344e-20
         6.2000   1.032782e-23   1.503548e-18   2.798651e-14   6.175113e-11   1.529911e-07   3.031242e-05   1.891628e-03   2.843596e-02   1.510597e-01   3.077976e-01   2.899812e-01   1.301344e-01   9.066905e-02   3.543890e-09   7.248478e-18
         6.2500   6.373638e-25   1.093087e-19   2.392783e-15   6.283059e-12   1.838321e-08   4.740807e-06   3.930378e-04   8.122950e-03   6.147292e-02   1.862746e-01   2.816186e-01   2.094555e-01   2.526576e-01   7.883249e-08   1.547515e-15
         6.3000   3.220274e-26   6.493850e-21   1.670359e-16   5.198532e-13   1.793769e-09   5.963245e-07   6.489709e-05   1.813086e-03   1.916418e-02   8.409405e-02   1.970978e-01   2.332705e-01   4.644940e-01   9.363617e-07   1.399651e-13
         6.3500   1.490616e-27   3.527967e-22   1.065343e-17   3.915321e-14   1.590165e-10   6.754977e-08   9.548027e-06   3.552879e-04   5.155528e-03   3.200994e-02   1.128064e-01   2.050198e-01   6.446365e-01   6.949651e-06   6.435779e-12
         6.4000   7.047119e-29   1.954138e-23   6.918304e-19   2.992597e-15   1.427365e-11   7.685590e-09   1.397635e-06   6.836536e-05   1.341434e-03   1.154782e-02   5.955145e-02   1.610756e-01   7.663766e-01   3.729889e-05   1.780551e-10
         6.4500   3.620631e-30   1.174187e-24   4.865463e-20   2.469743e-16   1.380366e-12   9.351022e-10   2.169169e-07   1.378598e-05   3.608721e-04   4.231170e-03   3.116599e-02   1.220124e-01   8.420567e-01   1.588572e-04   3.318393e-09
         6.5000   2.077120e-31   7.863529e-26   3.806032e-21   2.261175e-17   1.477854e-13   1.250878e-10   3.672905e-08   3.001285e-06   1.035519e-04   1.627810e-03   1.675925e-02   9.262212e-02   8.883182e-01   5.659885e-04   4.470662e-08
         6.5500   1.329093e-32   5.862712e-27   3.307175e-22   2.294281e-18   1.768583e-14   1.858369e-11   6.858538e-09   7.138005e-07   3.210982e-05   6.673309e-04   9.417637e-03   7.181627e-02   9.163256e-01   1.739849e-03   4.562430e-07
         6.6000   9.561304e-34   4.905009e-28   3.217890e-23   2.601006e-19   2.365162e-15   3.066781e-12   1.413443e-09   1.857486e-07   1.078816e-05   2.927491e-04   5.563729e-03   5.732166e-02   9.321014e-01   4.705836e-03   3.648081e-06
         6.6500   7.691230e-35   4.580470e-29   3.487818e-24   3.278284e-20   3.513082e-16   5.589660e-13   3.198058e-10   5.264818e-08   3.912908e-06   1.370994e-04   3.452663e-03   4.711914e-02   9.379140e-01   1.134970e-02   2.345598e-05
         6.7000   6.845470e-36   4.724530e-30   4.168018e-25   4.547422e-21   5.734402e-17   1.113695e-13   7.866476e-11   1.610567e-08   1.519158e-06   6.803620e-05   2.236858e-03   3.968728e-02   9.332400e-01   2.464242e-02   1.238143e-04
         6.7500   6.629384e-37   5.293730e-31   5.401966e-26   6.829974e-22   1.011614e-17   2.386258e-14   2.070266e-11   5.236572e-09   6.221353e-07   3.529300e-05   1.494560e-03   3.389071e-02   9.155352e-01   4.849786e-02   5.456953e-04
         6.8000   6.871132e-38   6.338457e-32   7.470669e-27   1.092962e-22   1.897420e-18   5.410809e-15   5.738169e-12   1.782192e-09   2.647903e-07   1.886738e-05   1.016239e-03   2.898428e-02   8.810184e-01   8.692621e-02   2.035685e-03
         6.8500   7.488559e-39   7.968783e-33   1.083407e-27   1.831504e-23   3.718850e-19   1.276419e-15   1.647130e-12   6.246363e-10   1.152920e-07   1.023861e-05   6.932136e-04   2.450253e-02   8.259942e-01   1.423023e-01   6.497437e-03
         6.9000   8.405123e-40   1.030347e-33   1.614021e-28   3.148660e-24   7.462146e-20   3.069967e-16   4.799870e-13   2.211432e-10   5.040410e-08   5.540312e-06   4.665690e-04   2.017867e-02   7.484548e-01   2.130050e-01   1.788941e-02
         6.9500   9.512981e-41   1.341657e-34   2.419101e-29   5.439166e-25   1.501516e-20   7.375604e-17   1.391583e-13   7.752172e-11   2.169775e-08   2.933604e-06   3.044530e-04   1.594251e-02   6.496544e-01   2.913636e-01   4.273205e-02
         7.0000   1.072780e-41   1.738564e-35   3.604968e-30   9.331035e-26   2.994732e-21   1.750027e-17   3.969558e-14   2.661909e-11   9.100669e-09   1.504473e-06   1.907240e-04   1.197191e-02   5.353294e-01   3.636021e-01   8.890434e-02
         7.0500   1.189283e-42   2.212163e-36   5.270696e-31   1.568771e-26   5.842978e-22   4.048192e-18   1.100013e-14   8.842607e-12   3.674437e-09   7.386577e-07   1.134888e-04   8.468237e-03   4.159016e-01   4.137088e-01   1.618071e-01
         7.1000   1.284610e-43   2.739536e-37   7.493867e-32   2.562094e-27   1.105538e-22   9.052084e-19   2.936535e-15   2.819724e-12   1.417711e-09   3.448944e-07   6.379270e-05   5.621812e-03   3.040644e-01   4.306197e-01   2.596299e-01
         7.1500   1.342758e-44   3.279563e-38   1.029097e-32   4.037352e-28   2.014994e-23   1.943955e-19   7.504139e-16   8.576576e-13   5.195886e-10   1.523451e-07   3.375531e-05   3.501172e-03   2.102749e-01   4.139467e-01   3.722433e-01
         7.2000   1.382551e-45   3.863218e-39   1.389424e-33   6.248831e-29   3.601655e-24   4.082495e-20   1.869484e-16   2.534654e-13   1.842472e-10   6.482536e-08   1.711399e-05   2.079723e-03   1.391244e-01   3.730186e-01   4.857601e-01
         7.2500   1.416374e-46   4.523075e-40   1.862964e-34   9.596218e-30   6.386831e-25   8.483690e-21   4.595095e-17   7.367301e-14   6.400511e-11   2.691314e-08   8.425622e-06   1.195259e-03   8.934492e-02   3.205993e-01   5.888521e-01
         7.3000   1.459625e-47   5.321441e-41   2.508037e-35   1.478335e-30   1.136605e-25   1.764956e-21   1.127638e-17   2.131662e-14   2.205185e-11   1.103945e-08   4.081304e-06   6.739188e-04   5.646461e-02   2.670863e-01   6.757710e-01
         7.3500   1.528599e-48   6.355782e-42   3.425070e-36   2.308220e-31   2.048261e-26   3.709883e-22   2.788779e-18   6.200025e-15   7.610766e-12   4.520001e-09   1.966064e-06   3.770034e-04   3.550786e-02   2.184925e-01   7.456207e-01
         7.4000   1.622179e-49   7.684779e-43   4.731567e-37   3.642712e-32   3.727102e-27   7.857647e-23   6.933157e-19   1.808526e-15   2.627148e-12   1.846451e-09   9.430411e-07   2.100708e-04   2.239298e-02   1.771757e-01   8.002203e-01
         7.4500   1.761903e-50   9.500747e-44   6.678809e-38   5.869376e-33   6.916670e-28   1.694042e-23   1.750495e-19   5.345033e-16   9.159799e-13   7.596296e-10   4.543967e-07   1.174829e-04   1.423361e-02   1.433187e-01   8.423297e-01
         7.5000   1.968804e-51   1.207331e-44   9.683867e-39   9.707182e-34   1.315962e-28   3.737617e-24   4.513115e-20   1.609586e-16   3.244626e-13   3.165849e-10   2.212245e-07   6.629755e-05   9.145283e-03   1.161117e-01   8.746765e-01
         7.5500   2.264309e-52   1.577725e-45   1.443008e-39   1.648770e-34   2.568243e-29   8.444682e-25   1.189042e-20   4.943139e-17   1.168964e-13   1.338330e-10   1.089916e-07   3.781692e-05   5.948293e-03   9.444189e-02   8.995719e-01
         7.6000   2.678918e-53   2.119194e-46   2.208907e-40   2.874937e-35   5.139505e-30   1.953401e-25   3.200887e-21   1.548193e-17   4.284440e-14   5.741190e-11   5.437417e-08   2.182132e-05   3.918538e-03   7.722203e-02   9.188376e-01
         7.6500   3.257101e-54   2.922958e-47   3.470356e-41   5.141786e-36   1.053730e-30   4.622830e-26   8.799005e-22   4.942815e-18   1.597049e-14   2.498955e-11   2.747078e-08   1.273975e-05   2.614308e-03   6.351461e-02   9.338583e-01
         7.7000   4.064469e-55   4.134854e-48   5.589242e-42   9.421673e-37   2.211027e-31   1.118192e-26   2.467865e-22   1.607443e-18   6.051082e-15   1.103230e-11   1.405193e-08   7.524111e-06   1.765622e-03   5.255765e-02   9.456692e-01
         7.7500   5.196315e-56   5.988554e-49   9.212418e-43   1.765819e-37   4.740425e-32   2.760340e-27   7.052303e-23   5.319346e-19   2.328559e-15   4.936937e-12   7.274273e-09   4.493472e-06   1.206318e-03   4.375033e-02   9.550388e-01
         7.8000   6.741656e-57   8.796066e-50   1.539350e-43   3.353403e-38   1.028829e-32   6.890117e-28   2.034663e-23   1.774890e-19   9.022181e-16   2.222043e-12   3.786533e-09   2.701784e-06   8.331316e-04   3.662602e-02   9.625381e-01
         7.8500   8.927428e-58   1.317918e-50   2.622971e-44   6.490995e-39   2.273856e-33   1.749565e-28   5.963151e-24   6.008111e-20   3.540362e-16   1.011187e-12   1.990443e-09   1.639519e-06   5.811571e-04   3.082463e-02   9.685926e-01
         7.9000   1.205975e-58   2.013281e-51   4.555588e-45   1.280090e-39   5.115878e-34   4.517972e-29   1.774997e-24   2.063029e-20   1.407020e-16   4.653138e-13   1.056757e-09   1.004121e-06   4.091040e-04   2.606872e-02   9.735212e-01
         7.9500   1.659355e-59   3.131062e-52   8.053125e-46   2.568399e-40   1.170120e-34   1.184969e-29   5.359710e-25   7.177712e-21   5.657609e-17   2.163230e-13   5.661898e-10   6.201864e-07   2.903807e-04   2.214413e-02   9.775649e-01
         8.0000   2.322189e-60   4.950358e-53   1.446967e-46   5.235961e-41   2.717306e-35   3.152736e-30   1.639887e-25   2.527636e-21   2.299454e-17   1.015129e-13   3.058877e-10   3.860006e-07   2.076521e-04   1.888494e-02   9.809070e-01
         8.0500   3.301026e-61   7.946795e-54   2.639355e-47   1.083244e-41   6.399595e-36   8.499916e-31   5.079050e-26   9.000855e-22   9.438497e-18   4.804663e-14   1.665173e-10   2.419179e-07   1.494824e-04   1.616193e-02   9.836883e-01
         8.1000   4.760757e-62   1.293769e-54   4.882002e-48   2.271858e-42   1.526949e-36   2.319853e-31   1.590941e-26   3.238374e-22   3.909556e-18   2.292027e-14   9.127748e-11   1.525690e-07   1.082407e-04   1.387394e-02   9.860177e-01
         8.1500   6.957913e-63   2.133765e-55   9.147273e-49   4.825096e-43   3.687405e-37   6.403412e-32   5.035499e-27   1.176205e-22   1.632908e-18   1.101243e-14   5.034810e-11   9.675839e-08   7.877924e-05   1.194125e-02   9.879799e-01
         8.2000   1.029459e-63   3.561457e-56   1.734445e-49   1.036797e-43   9.004395e-38   1.786075e-32   1.609145e-27   4.309470e-23   6.872270e-19   5.325637e-15   2.792845e-11   6.166738e-08   5.758888e-05   1.030067e-02   9.896417e-01
         8.2500   1.540380e-64   6.010023e-57   3.325033e-50   2.251890e-44   2.221503e-38   5.029972e-33   5.187614e-28   1.591581e-23   2.912370e-19   2.590676e-15   1.557017e-11   3.947280e-08   4.225394e-05   8.901749e-03   9.910560e-01
         8.3000   2.328548e-65   1.024364e-57   6.438353e-51   4.939159e-45   5.532270e-39   1.429007e-33   1.685780e-28   5.920546e-24   1.241908e-19   1.266843e-15   8.718685e-12   2.535962e-08   3.109597e-05   7.704010e-03   9.922649e-01
         8.3500   3.552411e-66   1.761640e-58   1.257956e-51   1.092923e-45   1.389375e-39   4.091895e-34   5.517356e-29   2.216564e-24   5.324887e-20   6.223118e-16   4.900543e-12   1.634243e-08   2.293858e-05   6.674734e-03   9.933023e-01
         8.4000   5.463722e-67   3.053677e-59   2.477648e-52   2.437459e-46   3.515546e-40   1.179930e-34   1.817169e-29   8.345302e-25   2.293989e-20   3.068859e-16   2.763109e-12   1.055722e-08   1.695046e-05   5.787328e-03   9.941957e-01
         8.4500   8.462927e-68   5.329935e-60   4.914275e-53   5.473526e-47   8.953838e-41   3.423232e-35   6.017536e-30   3.157237e-25   9.922353e-21   1.518229e-16   1.561846e-12   6.832449e-09   1.253969e-05   5.020045e-03   9.949674e-01
         8.5000   1.316676e-68   9.342939e-61   9.790544e-54   1.234435e-47   2.289671e-41   9.967539e-36   1.998673e-30   1.197486e-25   4.299865e-21   7.520900e-17   8.836304e-13   4.424639e-09   9.281772e-06   4.355000e-03   9.956357e-01
         8.5500   2.055042e-69   1.642762e-61   1.956860e-54   2.792711e-48   5.871963e-42   2.909555e-36   6.651163e-31   4.548238e-26   1.864722e-21   3.726358e-17   4.998495e-13   2.864414e-09   6.870260e-06   3.777396e-03   9.962157e-01
         8.6000   3.220235e-70   2.899647e-62   3.927160e-55   6.343179e-49   1.511540e-42   8.522115e-37   2.219721e-31   1.731618e-26   8.100653e-22   1.848322e-17   2.829119e-13   1.854386e-09   5.082587e-06   3.274918e-03   9.967200e-01
         8.6500   5.061501e-71   5.133371e-63   7.906451e-56   1.445225e-49   3.902282e-43   2.502653e-37   7.423536e-32   6.603560e-27   3.522710e-22   9.172197e-18   1.601214e-13   1.199862e-09   3.756203e-06   2.837260e-03   9.971590e-01
         8.7000   7.972994e-72   9.107097e-64   1.595552e-56   3.300342e-50   1.009578e-43   7.363052e-38   2.486119e-32   2.520699e-27   1.532521e-22   4.551054e-18   9.057129e-14   7.755376e-10   2.771798e-06   2.455744e-03   9.975415e-01
         8.7500   1.257692e-72   1.617871e-64   3.225098e-57   7.548461e-51   2.615620e-44   2.168808e-38   8.331982e-33   9.625195e-28   6.665842e-23   2.256611e-18   5.117434e-14   5.005020e-10   2.041414e-06   2.123021e-03   9.978749e-01
         8.8000   1.985367e-73   2.876094e-65   6.525217e-58   1.728048e-51   6.781939e-45   6.391918e-39   2.792833e-33   3.674593e-28   2.897372e-23   1.117642e-18   2.886958e-14   3.223697e-10   1.499958e-06   1.832828e-03   9.981657e-01
         8.8500   3.134350e-74   5.113159e-66   1.320710e-58   3.957264e-52   1.758855e-45   1.883861e-39   9.358048e-34   1.401860e-28   1.257920e-23   5.526656e-19   1.625464e-14   2.071465e-10   1.099108e-06   1.579800e-03   9.984191e-01
         8.9000   4.945939e-75   9.085770e-67   2.672683e-59   9.060387e-53   4.560170e-46   5.549578e-40   3.133048e-34   5.341985e-29   5.452817e-24   2.727511e-19   9.130645e-15   1.327456e-10   8.029030e-07   1.359311e-03   9.986399e-01
         8.9500   7.797039e-76   1.612908e-67   5.405204e-60   2.073056e-53   1.181445e-46   1.633343e-40   1.047645e-34   2.032528e-29   2.359139e-24   1.342982e-19   5.115334e-15   8.480971e-11   5.845317e-07   1.167354e-03   9.988321e-01
         9.0000   1.227410e-76   2.859143e-68   1.091972e-60   4.738059e-54   3.057351e-47   4.800927e-41   3.497529e-35   7.718786e-30   1.018369e-24   6.595346e-20   2.857367e-15   5.400442e-11   4.239841e-07   1.000441e-03   9.989991e-01
