# CIE ionization fractions for S (Z=16)
# Source: CHIANTI v11.0.2 chianti.ioneq (Dere et al. 2009)
# T grid: 121 log-spaced points, 10^3.00 K -> 10^9.00 K
# Generated by pyathena/photchem/data/build_ioneq_tables.py
#
# log_T_K        x_S0           x_S1           x_S2           x_S3           x_S4           x_S5           x_S6           x_S7           x_S8           x_S9           x_S10          x_S11          x_S12          x_S13          x_S14          x_S15          x_S16        
         3.0000   1.000000e+00   7.090713e-58   3.012386e-75  1.208432e-316   0.000000e+00   0.000000e+00   0.000000e+00   0.000000e+00   0.000000e+00   0.000000e+00   0.000000e+00   0.000000e+00   0.000000e+00   0.000000e+00   0.000000e+00   0.000000e+00   0.000000e+00
         3.0500   1.000000e+00   7.077402e-51   3.006731e-68  4.974133e-283   0.000000e+00   0.000000e+00   0.000000e+00   0.000000e+00   0.000000e+00   0.000000e+00   0.000000e+00   0.000000e+00   0.000000e+00   0.000000e+00   0.000000e+00   0.000000e+00   0.000000e+00
         3.1000   1.000000e+00   1.106747e-44   4.701854e-62  4.201173e-253   0.000000e+00   0.000000e+00   0.000000e+00   0.000000e+00   0.000000e+00   0.000000e+00   0.000000e+00   0.000000e+00   0.000000e+00   0.000000e+00   0.000000e+00   0.000000e+00   0.000000e+00
         3.1500   1.000000e+00   3.326655e-39   1.413281e-56  1.838979e-226   0.000000e+00   0.000000e+00   0.000000e+00   0.000000e+00   0.000000e+00   0.000000e+00   0.000000e+00   0.000000e+00   0.000000e+00   0.000000e+00   0.000000e+00   0.000000e+00   0.000000e+00
         3.2000   1.000000e+00   2.306964e-34   9.800801e-52  9.529652e-203   0.000000e+00   0.000000e+00   0.000000e+00   0.000000e+00   0.000000e+00   0.000000e+00   0.000000e+00   0.000000e+00   0.000000e+00   0.000000e+00   0.000000e+00   0.000000e+00   0.000000e+00
         3.2500   1.000000e+00   4.344931e-30   1.845880e-47  1.220985e-181   0.000000e+00   0.000000e+00   0.000000e+00   0.000000e+00   0.000000e+00   0.000000e+00   0.000000e+00   0.000000e+00   0.000000e+00   0.000000e+00   0.000000e+00   0.000000e+00   0.000000e+00
         3.3000   1.000000e+00   2.571316e-26   1.092386e-43  7.458501e-163  4.637873e-314   0.000000e+00   0.000000e+00   0.000000e+00   0.000000e+00   0.000000e+00   0.000000e+00   0.000000e+00   0.000000e+00   0.000000e+00   0.000000e+00   0.000000e+00   0.000000e+00
         3.3500   1.000000e+00   5.447621e-23   2.314343e-40  3.901144e-146  1.567930e-280   0.000000e+00   0.000000e+00   0.000000e+00   0.000000e+00   0.000000e+00   0.000000e+00   0.000000e+00   0.000000e+00   0.000000e+00   0.000000e+00   0.000000e+00   0.000000e+00
         3.4000   1.000000e+00   4.643680e-20   1.972800e-37  2.945207e-131  1.169331e-250   0.000000e+00   0.000000e+00   0.000000e+00   0.000000e+00   0.000000e+00   0.000000e+00   0.000000e+00   0.000000e+00   0.000000e+00   0.000000e+00   0.000000e+00   0.000000e+00
         3.4500   1.000000e+00   1.768466e-17   7.513071e-35  5.113573e-118  4.826222e-224   0.000000e+00   0.000000e+00   0.000000e+00   0.000000e+00   0.000000e+00   0.000000e+00   0.000000e+00   0.000000e+00   0.000000e+00   0.000000e+00   0.000000e+00   0.000000e+00
         3.5000   1.000000e+00   3.305505e-15   1.404296e-32  3.094229e-106  2.502907e-200   0.000000e+00   0.000000e+00   0.000000e+00   0.000000e+00   0.000000e+00   0.000000e+00   0.000000e+00   0.000000e+00   0.000000e+00   0.000000e+00   0.000000e+00   0.000000e+00
         3.5500   1.000000e+00   3.299923e-13   1.401924e-30   9.458334e-96  3.388703e-179  2.337568e-299   0.000000e+00   0.000000e+00   0.000000e+00   0.000000e+00   0.000000e+00   0.000000e+00   0.000000e+00   0.000000e+00   0.000000e+00   0.000000e+00   0.000000e+00
         3.6000   1.000000e+00   1.898838e-11   8.066936e-29   2.035264e-86  2.300398e-160  3.972056e-267   0.000000e+00   0.000000e+00   0.000000e+00   0.000000e+00   0.000000e+00   0.000000e+00   0.000000e+00   0.000000e+00   0.000000e+00   0.000000e+00   0.000000e+00
         3.6500   1.000000e+00   6.746699e-10   2.866237e-27   4.149240e-78  1.402748e-143  2.162791e-238   0.000000e+00   0.000000e+00   0.000000e+00   0.000000e+00   0.000000e+00   0.000000e+00   0.000000e+00   0.000000e+00   0.000000e+00   0.000000e+00   0.000000e+00
         3.7000   1.000000e+00   1.575574e-08   6.693597e-26   1.046032e-70  1.294636e-128  9.137054e-213  4.899552e-313   0.000000e+00   0.000000e+00   0.000000e+00   0.000000e+00   0.000000e+00   0.000000e+00   0.000000e+00   0.000000e+00   0.000000e+00   0.000000e+00
         3.7500   9.999997e-01   2.562549e-07   1.088661e-24   4.146795e-64  2.889248e-115  6.610050e-190  5.637899e-279   0.000000e+00   0.000000e+00   0.000000e+00   0.000000e+00   0.000000e+00   0.000000e+00   0.000000e+00   0.000000e+00   0.000000e+00   0.000000e+00
         3.8000   9.999969e-01   3.093905e-06   1.314400e-23   3.243817e-58  2.399504e-103  1.680799e-169  1.410570e-248   0.000000e+00   0.000000e+00   0.000000e+00   0.000000e+00   0.000000e+00   0.000000e+00   0.000000e+00   0.000000e+00   0.000000e+00   0.000000e+00
         3.8500   9.999684e-01   3.162877e-05   1.343702e-22   6.607415e-53   1.174546e-92  3.075550e-151  2.126377e-221   0.000000e+00   0.000000e+00   0.000000e+00   0.000000e+00   0.000000e+00   0.000000e+00   0.000000e+00   0.000000e+00   0.000000e+00   0.000000e+00
         3.9000   9.996158e-01   3.841688e-04   1.632085e-21   5.599872e-48   6.372577e-83  9.573227e-135  5.979379e-197   0.000000e+00   0.000000e+00   0.000000e+00   0.000000e+00   0.000000e+00   0.000000e+00   0.000000e+00   0.000000e+00   0.000000e+00   0.000000e+00
         3.9500   9.936084e-01   6.391553e-03   3.965726e-15   3.731332e-38   8.371535e-69  1.357727e-114  1.068460e-169   0.000000e+00   0.000000e+00   0.000000e+00   0.000000e+00   0.000000e+00   0.000000e+00   0.000000e+00   0.000000e+00   0.000000e+00   0.000000e+00
         4.0000   9.222974e-01   7.770258e-02   1.653132e-11   1.856473e-31   2.876355e-58   1.136569e-98  1.947262e-147  1.027876e-293   0.000000e+00   0.000000e+00   0.000000e+00   0.000000e+00   0.000000e+00   0.000000e+00   0.000000e+00   0.000000e+00   0.000000e+00
         4.0500   6.049999e-01   3.950001e-01   5.223604e-09   3.334878e-26   1.400706e-49   3.578045e-85  2.791459e-128  2.510090e-258   0.000000e+00   0.000000e+00   0.000000e+00   0.000000e+00   0.000000e+00   0.000000e+00   0.000000e+00   0.000000e+00   0.000000e+00
         4.1000   2.650191e-01   7.349806e-01   2.435858e-07   4.559350e-22   2.253540e-42   1.140631e-73  1.004761e-111  2.704203e-227   0.000000e+00   0.000000e+00   0.000000e+00   0.000000e+00   0.000000e+00   0.000000e+00   0.000000e+00   0.000000e+00   0.000000e+00
         4.1500   9.806970e-02   9.019256e-01   4.674653e-06   1.418396e-18   3.910843e-36   1.366709e-63   3.922033e-97  8.613669e-200  1.074840e-319   0.000000e+00   0.000000e+00   0.000000e+00   0.000000e+00   0.000000e+00   0.000000e+00   0.000000e+00   0.000000e+00
         4.2000   3.663243e-02   9.633115e-01   5.608916e-05   1.618918e-15   1.272330e-30   1.198227e-54   3.698145e-84  2.671518e-175  7.796907e-282   0.000000e+00   0.000000e+00   0.000000e+00   0.000000e+00   0.000000e+00   0.000000e+00   0.000000e+00   0.000000e+00
         4.2500   1.496061e-02   9.845502e-01   4.892326e-04   8.256969e-13   1.002762e-25   1.096005e-46   1.353170e-72  1.833982e-153  4.435263e-248   0.000000e+00   0.000000e+00   0.000000e+00   0.000000e+00   0.000000e+00   0.000000e+00   0.000000e+00   0.000000e+00
         4.3000   6.929742e-03   9.897873e-01   3.282988e-03   2.046137e-10   2.162673e-21   1.279976e-39   2.610717e-62  5.145805e-134  5.147131e-218  3.604216e-315   0.000000e+00   0.000000e+00   0.000000e+00   0.000000e+00   0.000000e+00   0.000000e+00   0.000000e+00
         4.3500   3.684460e-03   9.791332e-01   1.718230e-02   2.493152e-08   1.309747e-17   2.063890e-33   3.143446e-53  9.138228e-117  2.530060e-191  1.152839e-277   0.000000e+00   0.000000e+00   0.000000e+00   0.000000e+00   0.000000e+00   0.000000e+00   0.000000e+00
         4.4000   2.183526e-03   9.293371e-01   6.847795e-02   1.422373e-06   2.124182e-14   4.434206e-28   2.459904e-45  1.350860e-101  8.971647e-168  1.554884e-244   0.000000e+00   0.000000e+00   0.000000e+00   0.000000e+00   0.000000e+00   0.000000e+00   0.000000e+00
         4.4500   1.330813e-03   8.017251e-01   1.969083e-01   3.576491e-05   8.890139e-12   1.206019e-23   1.266172e-38   2.060484e-88  3.648349e-147  1.901105e-215  6.584655e-296   0.000000e+00   0.000000e+00   0.000000e+00   0.000000e+00   0.000000e+00   0.000000e+00
         4.5000   7.687699e-04   6.016721e-01   3.971511e-01   4.079835e-04   1.060366e-09   4.755037e-20   5.180252e-33   4.697619e-77  3.169896e-129  5.377802e-190  1.343332e-261   0.000000e+00   0.000000e+00   0.000000e+00   0.000000e+00   0.000000e+00   0.000000e+00
         4.5500   4.158343e-04   4.016363e-01   5.954686e-01   2.479241e-03   4.640151e-08   3.966112e-17   2.586960e-28   2.916202e-67  1.365230e-113  1.090963e-167  2.005922e-231  1.927774e-303   0.000000e+00   0.000000e+00   0.000000e+00   0.000000e+00   0.000000e+00
         4.6000   2.183099e-04   2.532886e-01   7.367087e-01   9.783449e-03   9.883418e-07   1.068760e-14   2.543094e-24   9.386535e-59  6.876986e-100  4.780313e-148  8.754149e-205  6.348766e-269   0.000000e+00   0.000000e+00   0.000000e+00   0.000000e+00   0.000000e+00
         4.6500   1.142092e-04   1.571428e-01   8.137878e-01   2.894259e-02   1.262702e-05   1.266645e-12   7.107461e-21   2.650377e-51   8.224212e-88  1.124668e-130  3.523683e-181  2.617974e-238  9.186889e-303   0.000000e+00   0.000000e+00   0.000000e+00   0.000000e+00
         4.7000   5.966105e-05   9.683764e-02   8.333092e-01   6.968355e-02   1.099774e-04   7.982182e-11   7.245732e-18   9.723665e-45   4.034788e-77  2.913597e-115  3.285237e-160  4.288279e-211  1.415247e-268   0.000000e+00   0.000000e+00   0.000000e+00   0.000000e+00
         4.7500   3.066885e-05   5.867505e-02   7.979026e-01   1.426868e-01   7.049375e-04   3.006484e-09   3.197267e-15   6.235823e-39   1.246309e-67  1.478431e-101  1.502387e-141  7.216428e-187  3.939391e-238  2.730681e-297   0.000000e+00   0.000000e+00   0.000000e+00
         4.8000   1.522809e-05   3.439581e-02   7.113818e-01   2.507702e-01   3.436933e-03   7.202217e-08   6.805311e-13   8.678737e-34   3.372159e-59   2.324764e-89  6.206827e-125  2.731897e-165  5.257782e-211  9.356621e-264  8.058211e-321   0.000000e+00   0.000000e+00
         4.8500   7.188527e-06   1.922432e-02   5.864123e-01   3.812731e-01   1.308193e-02   1.152334e-06   7.621862e-11   3.138013e-29   1.056120e-51   1.675458e-78  3.916154e-110  4.576042e-146  7.839092e-187  7.225704e-234  9.998301e-285   0.000000e+00   0.000000e+00
         4.9000   3.195790e-06   1.015047e-02   4.450892e-01   5.050324e-01   3.971191e-02   1.281892e-05   4.824568e-09   3.430641e-25   4.854506e-45   7.747274e-69   5.947341e-97  6.110064e-129  2.731538e-165  3.133576e-207  1.490385e-252   0.000000e+00   0.000000e+00
         4.9500   1.322305e-06   5.002652e-03   3.084287e-01   5.882825e-01   9.818177e-02   1.028857e-04   1.838151e-07   1.294287e-21   4.025544e-39   3.082647e-60   3.241272e-85  1.092275e-113  4.265071e-146  1.710737e-183  7.084476e-224   0.000000e+00   0.000000e+00
         5.0000   5.087419e-07   2.298910e-03   1.955139e-01   6.021133e-01   1.994595e-01   6.094717e-04   4.407401e-06   1.869711e-18   7.126561e-34   1.349487e-52   8.911539e-75  4.089667e-100  5.251035e-129  2.379170e-162  2.524867e-198   0.000000e+00   0.000000e+00
         5.0500   1.818395e-07   9.839148e-04   1.135215e-01   5.448792e-01   3.378092e-01   2.736406e-03   6.958123e-05   1.138209e-15   3.138026e-29   8.115258e-46   1.680534e-65   4.800936e-88  8.475389e-114  1.587628e-143  1.452209e-175  9.584874e-322   0.000000e+00
         5.1000   6.078084e-08   3.946286e-04   6.087904e-02   4.416989e-01   4.866663e-01   9.603058e-03   7.579721e-04   3.195414e-13   3.962078e-25   8.228894e-40   2.879877e-57   2.552939e-77  2.846616e-100  9.017717e-127  2.692803e-155  1.138102e-285   0.000000e+00
         5.1500   1.921382e-08   1.499261e-04   3.053471e-02   3.260829e-01   6.100668e-01   2.720065e-02   5.965019e-03   4.499934e-11   1.639205e-21   1.702773e-34   5.810476e-50   8.610868e-68   3.031995e-88  7.335074e-112  3.010432e-137  1.577446e-253   0.000000e+00
         5.2000   5.685804e-09   5.340096e-05   1.419676e-02   2.191545e-01   6.687895e-01   6.302792e-02   3.477794e-02   3.377713e-09   2.476221e-18   8.444870e-30   1.722431e-43   2.463985e-59   1.478290e-77   1.346658e-98  3.513931e-121  6.794527e-225   0.000000e+00
         5.2500   1.482883e-09   1.679769e-05   5.769458e-03   1.266322e-01   6.083648e-01   1.142269e-01   1.449898e-01   1.350515e-07   1.427970e-15   1.101067e-25   8.683577e-38   7.364042e-52   4.350155e-68   7.955299e-87  6.639570e-107  2.066587e-199  4.621873e-300
         5.3000   3.022467e-10   4.138258e-06   1.818747e-03   5.568574e-02   4.081688e-01   1.449108e-01   3.894092e-01   2.682283e-06   3.055764e-13   3.831052e-22   7.927318e-33   2.585045e-45   9.239435e-60   1.938266e-76   2.805087e-94  8.619250e-177  1.292414e-266
         5.3500   4.642551e-11   7.695773e-07   4.289735e-04   1.801561e-02   1.959793e-01   1.256398e-01   6.599088e-01   2.679003e-05   2.548619e-11   3.883029e-19   1.492619e-28   1.274288e-39   1.788889e-52   2.616399e-67   3.804656e-83  9.588887e-157  6.500414e-237
         5.4000   6.246471e-12   1.254934e-07   8.802977e-05   4.996089e-03   7.871387e-02   8.751121e-02   8.285279e-01   1.628081e-04   1.034606e-09   1.481180e-16   7.778343e-25   1.235693e-34   4.643996e-46   3.040128e-59   2.731405e-73  6.148988e-139  1.703963e-210
         5.4500   8.624235e-13   2.100728e-08   1.841687e-05   1.393952e-03   3.112921e-02   5.792633e-02   9.088036e-01   7.284422e-04   2.540095e-08   2.721282e-14   1.485356e-21   3.242429e-30   2.321683e-40   4.585098e-52   1.650053e-64  4.598836e-123  6.117142e-187
         5.5000   1.317203e-13   3.889989e-09   4.236466e-06   4.225720e-04   1.312401e-02   3.961895e-02   9.441727e-01   2.657106e-03   4.269559e-07   2.796257e-12   1.244115e-18   2.850690e-26   2.875388e-35   1.205746e-45   1.181131e-56  7.003089e-109  6.627735e-166
         5.5500   2.266412e-14   8.111411e-10   1.091585e-06   1.419611e-04   6.029859e-03   2.872248e-02   9.568216e-01   8.277733e-03   5.241975e-06   1.752277e-10   5.119677e-16   9.692950e-23   1.053196e-30   6.858949e-40   1.296189e-49   3.402508e-96  4.179720e-147
         5.6000   4.319309e-15   1.872153e-10   3.098269e-07   5.223156e-05   2.989603e-03   2.191568e-02   9.525023e-01   2.249108e-02   4.874515e-05   7.073857e-09   1.119493e-13   1.415557e-19   1.305223e-26   9.991212e-35   2.679932e-43   7.688333e-85  2.690984e-130
         5.6500   8.923954e-16   4.681027e-11   9.483518e-08   2.057149e-05   1.565953e-03   1.726720e-02   9.271089e-01   5.368666e-02   3.504161e-04   1.907599e-07   1.376556e-11   9.616458e-17   6.084895e-23   4.270542e-30   1.236776e-37   1.114531e-74  2.877270e-115
         5.7000   1.928041e-16   1.222956e-11   3.020186e-08   8.359722e-06   8.364599e-04   1.358333e-02   8.712064e-01   1.123945e-01   1.967403e-03   3.519048e-06   9.918560e-10   3.230898e-14   1.161040e-19   5.985078e-26   1.466532e-32   1.366443e-65  7.801871e-102
         5.7500   4.190306e-17   3.211176e-12   9.629155e-09   3.375069e-06   4.392471e-04   1.029786e-02   7.758164e-01   2.047417e-01   8.656296e-03   4.509272e-05   4.315998e-08   5.629195e-12   9.702704e-17   3.012963e-22   5.026200e-28   1.798574e-57   7.763414e-90
         5.8000   8.911792e-18   8.242712e-13   2.990964e-09   1.318142e-06   2.210210e-04   7.340453e-03   6.410377e-01   3.211281e-01   2.986428e-02   4.059551e-04   1.162182e-06   5.289503e-10   3.759980e-14   5.887847e-19   5.509127e-24   3.132037e-50   3.926161e-79
         5.8500   1.802822e-18   2.010110e-13   8.799511e-10   4.843948e-07   1.037416e-04   4.793792e-03   4.819264e-01   4.296395e-01   8.091789e-02   2.598376e-03   1.982949e-05   2.780505e-08   7.119476e-12   4.791087e-16   2.115566e-20   8.701252e-44   1.350287e-69
         5.9000   3.343384e-19   4.488075e-14   2.363366e-10   1.615060e-07   4.382823e-05   2.770358e-03   3.245597e-01   4.874163e-01   1.729892e-01   1.199951e-02   2.200242e-04   8.489091e-07   6.933965e-10   1.735793e-13   3.100829e-17   4.576713e-38   4.112064e-61
         5.9500   5.697117e-20   9.195757e-15   5.808504e-11   4.899296e-08   1.672092e-05   1.422672e-03   1.938128e-01   4.681305e-01   2.942456e-01   4.072084e-02   1.635041e-03   1.566947e-05   3.660425e-08   2.991447e-11   1.884596e-14   5.343644e-33   1.412070e-53
         6.0000   8.855001e-21   1.716453e-15   1.296982e-11   1.342958e-08   5.724121e-06   6.458009e-04   1.021650e-01   3.817678e-01   4.030383e-01   1.037851e-01   8.408635e-03   1.825559e-04   1.105459e-06   2.620883e-09   5.151916e-12   1.607924e-28   6.833376e-47
         6.0500   1.251531e-21   2.909470e-16   2.623099e-12   3.317332e-09   1.754305e-06   2.588304e-04   4.751515e-02   2.658843e-01   4.506809e-01   2.032862e-01   3.095039e-02   1.402226e-03   2.014841e-05   1.245698e-07   6.850144e-10   1.432547e-24   5.717124e-41
         6.1000   1.580274e-22   4.399428e-17   4.721211e-13   7.257571e-10   4.732987e-07   9.017474e-05   1.951865e-02   1.591318e-01   4.168008e-01   3.126752e-01   8.414694e-02   7.399430e-03   2.330339e-04   3.413942e-06   4.764474e-08   4.289554e-21   9.952566e-36
         6.1500   1.807091e-23   6.015163e-18   7.666745e-14   1.426050e-10   1.140262e-07   2.772633e-05   7.090752e-03   8.228870e-02   3.223877e-01   3.847914e-01   1.737320e-01   2.783333e-02   1.789418e-03   5.702570e-05   1.851695e-06   4.838604e-18   4.256937e-31
         6.2000   1.874754e-24   7.448645e-19   1.125343e-14   2.521826e-11   2.459006e-08   7.549948e-06   2.278658e-03   3.689956e-02   2.103271e-01   3.846379e-01   2.787004e-01   7.701021e-02   9.486340e-03   6.096289e-04   4.262207e-05   2.274684e-15   5.184816e-27
         6.2500   1.755612e-25   8.310373e-20   1.485445e-15   3.994020e-12   4.725165e-09   1.814253e-06   6.454368e-04   1.433565e-02   1.160923e-01   3.150453e-01   3.527785e-01   1.603732e-01   3.578060e-02   4.337786e-03   6.093146e-04   4.855499e-13   2.041966e-23
         6.3000   1.461336e-26   8.225237e-21   1.736094e-16   5.580838e-13   7.972224e-10   3.794665e-07   1.589380e-04   4.769633e-03   5.375950e-02   2.106613e-01   3.530331e-01   2.535349e-01   9.747368e-02   2.103004e-02   5.578556e-03   5.020687e-11   2.878572e-20
         6.3500   1.036598e-27   6.923771e-22   1.722223e-17   6.600747e-14   1.133436e-10   6.636949e-08   3.292108e-05   1.317241e-03   2.029722e-02   1.121887e-01   2.737535e-01   2.999520e-01   1.901702e-01   6.940177e-02   3.288643e-02   2.606116e-09   1.555572e-17
         6.4000   5.949688e-29   4.706356e-23   1.376746e-18   6.269132e-15   1.288553e-11   9.217431e-09   5.457581e-06   2.877348e-04   5.966822e-03   4.558646e-02   1.581800e-01   2.566311e-01   2.581397e-01   1.524696e-01   1.227331e-01   6.858514e-08   3.351385e-15
         6.4500   2.732841e-30   2.555056e-24   8.771131e-20   4.729526e-16   1.158966e-12   1.006336e-09   7.102405e-07   4.881779e-05   1.343674e-03   1.394137e-02   6.739146e-02   1.577541e-01   2.433477e-01   2.238515e-01   2.923197e-01   9.447087e-07   3.050372e-13
         6.5000   1.073041e-31   1.183477e-25   4.757296e-21   3.028168e-17   8.813893e-14   9.236360e-11   7.757739e-08   6.884845e-06   2.484443e-04   3.447235e-03   2.280083e-02   7.529467e-02   1.728648e-01   2.394618e-01   4.858677e-01   7.604956e-06   1.340565e-11
         6.5500   4.032713e-33   5.237116e-27   2.459851e-22   1.843000e-18   6.349333e-15   7.988415e-12   7.970380e-09   9.053017e-07   4.236077e-05   7.754323e-04   6.907812e-03   3.155266e-02   1.049943e-01   2.126207e-01   6.430642e-01   4.158059e-05   3.375254e-10
         6.6000   1.583078e-34   2.416493e-28   1.323470e-23   1.163989e-19   4.730956e-16   7.112991e-13   8.414233e-10   1.213286e-07   7.289004e-06   1.739251e-04   2.057736e-03   1.277779e-02   6.019248e-02   1.735416e-01   7.510752e-01   1.738677e-04   5.584443e-09
         6.6500   6.797817e-36   1.217677e-29   7.760726e-25   7.992045e-21   3.820652e-17   6.835842e-14   9.568623e-11   1.738484e-08   1.328987e-06   4.089441e-05   6.345773e-04   5.275581e-03   3.444843e-02   1.380661e-01   8.209352e-01   5.978772e-04   6.637373e-08
         6.7000   3.254225e-37   6.830135e-31   5.056091e-26   6.082382e-22   3.410443e-18   7.234014e-15   1.195906e-11   2.718654e-09   2.623003e-07   1.030875e-05   2.074630e-04   2.277849e-03   2.022982e-02   1.102801e-01   8.652301e-01   1.763467e-03   5.998351e-07
         6.7500   1.733648e-38   4.257258e-32   3.653892e-27   5.123631e-23   3.360952e-19   8.424111e-16   1.650288e-12   4.663562e-10   5.636006e-08   2.804511e-06   7.246288e-05   1.038050e-03   1.232552e-02   8.956735e-02   8.924117e-01   4.577804e-03   4.284925e-06
         6.8000   1.025787e-39   2.943124e-33   2.923796e-28   4.769408e-24   3.651430e-20   1.078154e-16   2.507659e-13   8.755460e-11   1.316116e-08   8.225453e-07   2.703659e-05   4.998091e-04   7.810159e-03   7.425452e-02   9.067469e-01   1.063581e-02   2.489334e-05
         6.8500   6.695800e-41   2.241598e-34   2.573507e-29   4.874532e-25   4.345961e-21   1.507433e-17   4.156352e-14   1.782777e-11   3.311922e-09   2.580536e-07   1.070051e-05   2.527756e-04   5.124097e-03   6.264302e-02   9.094711e-01   2.237782e-02   1.202471e-04
         6.9000   4.752514e-42   1.854093e-35   2.456375e-30   5.393132e-26   5.588089e-22   2.271102e-18   7.410778e-15   3.884124e-12   8.864834e-10   8.553030e-08   4.439885e-06   1.328355e-04   3.448097e-03   5.334695e-02   8.995768e-01   4.299921e-02   4.915849e-04
         6.9500   3.619431e-43   1.643497e-36   2.509260e-31   6.375711e-27   7.663074e-23   3.640660e-19   1.403408e-15   8.942486e-13   2.493708e-10   2.960669e-08   1.910195e-06   7.178024e-05   2.356848e-03   4.548445e-02   8.744703e-01   7.588995e-02   1.724731e-03
         7.0000   2.910017e-44   1.536129e-37   2.699381e-32   7.925508e-28   1.103047e-23   6.112826e-20   2.778549e-16   2.142227e-13   7.262239e-11   1.054913e-08   8.403745e-07   3.935928e-05   1.616322e-03   3.841111e-02   8.312069e-01   1.234747e-01   5.250741e-03
         7.0500   2.418597e-45   1.482514e-38   2.994755e-33   1.014585e-28   1.632446e-24   1.053170e-20   5.634102e-17   5.232307e-14   2.146550e-11   3.795674e-09   3.711973e-07   2.152694e-05   1.095147e-03   3.168639e-02   7.676819e-01   1.855283e-01   1.398638e-02
         7.1000   2.053028e-46   1.459659e-39   3.385531e-34   1.321718e-29   2.454764e-25   1.840282e-21   1.156482e-17   1.288213e-14   6.367732e-12   1.364030e-09   1.628393e-07   1.161793e-05   7.254759e-04   2.530734e-02   6.837749e-01   2.573989e-01   3.278162e-02
         7.1500   1.754977e-47   1.445724e-40   3.845764e-35   1.727947e-30   3.699145e-26   3.216991e-22   2.370391e-18   3.154422e-15   1.871061e-12   4.833524e-10   7.007545e-08   6.114172e-06   4.647399e-04   1.938475e-02   5.829160e-01   3.293491e-01   6.787922e-02
         7.2000   1.491870e-48   1.422520e-41   4.335191e-36   2.239086e-31   5.517728e-27   5.557582e-23   4.792513e-19   7.591025e-16   5.382358e-13   1.669768e-10   2.925781e-08   3.104816e-06   2.851480e-04   1.412402e-02   4.726138e-01   3.883298e-01   1.246441e-01
         7.2500   1.242312e-49   1.369764e-42   4.777509e-37   2.833251e-32   8.026878e-28   9.349583e-24   9.418156e-20   1.769438e-16   1.494762e-13   5.549100e-11   1.170547e-08   1.504327e-06   1.660288e-04   9.711052e-03   3.633414e-01   4.226324e-01   2.041477e-01
         7.3000   1.015584e-50   1.293636e-43   5.158805e-38   3.509016e-33   1.141570e-28   1.535490e-24   1.803492e-20   4.005937e-17   4.018357e-14   1.778616e-11   4.498191e-09   6.969155e-07   9.194033e-05   6.321388e-03   2.654048e-01   4.270797e-01   3.011015e-01
         7.3500   8.204342e-52   1.206239e-44   5.494770e-39   4.282462e-34   1.598007e-29   2.478754e-25   3.388519e-21   8.871341e-18   1.053351e-14   5.539817e-12   1.673178e-09   3.111490e-07   4.881796e-05   3.931279e-03   1.855554e-01   4.049728e-01   4.054914e-01
         7.4000   6.601373e-53   1.119302e-45   5.819183e-40   5.191493e-35   2.219651e-30   3.965440e-26   6.298195e-22   1.937902e-18   2.715597e-15   1.691510e-12   6.078867e-10   1.351301e-07   2.510192e-05   2.360777e-03   1.255212e-01   3.652407e-01   5.068521e-01
         7.4500   5.337203e-54   1.042781e-46   6.182280e-41   6.307636e-36   3.086988e-31   6.344133e-27   1.169113e-22   4.216424e-19   6.953638e-16   5.114333e-13   2.179460e-10   5.769203e-08   1.263857e-05   1.384973e-03   8.311875e-02   3.176788e-01   5.978048e-01
         7.5000   4.349608e-55   9.784759e-48   6.610098e-42   7.706147e-37   4.313018e-32   1.018487e-27   2.178313e-23   9.185575e-20   1.778514e-16   1.540554e-13   7.762773e-11   2.439299e-08   6.283577e-06   8.008497e-04   5.443927e-02   2.697384e-01   6.750152e-01
         7.5500   3.587202e-56   9.284144e-49   7.141314e-43   9.505269e-38   6.078568e-33   1.647512e-28   4.084321e-24   2.009144e-20   4.556697e-17   4.637215e-14   2.755715e-11   1.025144e-08   3.099190e-06   4.587297e-04   3.555082e-02   2.257364e-01   7.382509e-01
         7.6000   3.029204e-57   9.013192e-50   7.888300e-44   1.197827e-38   8.745102e-34   2.717605e-29   7.799472e-25   4.466245e-21   1.183832e-17   1.411896e-14   9.867432e-12   4.332119e-09   1.532757e-06   2.631675e-04   2.327923e-02   1.874925e-01   7.889635e-01
         7.6500   2.625033e-58   8.973054e-51   8.929324e-45   1.545760e-39   1.287392e-34   4.582377e-30   1.520672e-25   1.011689e-21   3.127462e-18   4.361177e-15   3.575140e-12   1.846976e-09   7.628733e-07   1.517878e-04   1.534123e-02   1.552955e-01   8.292107e-01
         7.7000   2.336494e-59   9.169176e-52   1.036819e-45   2.044791e-40   1.941340e-35   7.907300e-31   3.030622e-26   2.338232e-22   8.413666e-19   1.368870e-15   1.313047e-12   7.960289e-10   3.829555e-07   8.822550e-05   1.019673e-02   1.286690e-01   8.610457e-01
         7.7500   2.135942e-60   9.616862e-53   1.234917e-46   2.772908e-41   2.999023e-36   1.396575e-31   6.174999e-27   5.515727e-23   2.306052e-19   4.368644e-16   4.892260e-13   3.471596e-10   1.941228e-07   5.174444e-05   6.843011e-03   1.068472e-01   8.862578e-01
         7.8000   2.004157e-61   1.034630e-53   1.507907e-47   3.852776e-42   4.743925e-37   2.523562e-32   1.285832e-27   1.327637e-23   6.438516e-20   1.417627e-16   1.849509e-13   1.532555e-10   9.941875e-08   3.064144e-05   4.638568e-03   8.902401e-02   9.063067e-01
         7.8500   1.928104e-62   1.140611e-54   1.885743e-48   5.479628e-43   7.676849e-38   4.661286e-33   2.734150e-28   3.258569e-24   1.830176e-20   4.675463e-17   7.092594e-14   6.847773e-11   5.144625e-08   1.832246e-05   3.175649e-03   7.446434e-02   9.223416e-01
         7.9000   1.891669e-63   1.281628e-55   2.402421e-49   7.935474e-44   1.264271e-38   8.755605e-34   5.906294e-29   8.114598e-25   5.271742e-21   1.560553e-17   2.748767e-14   3.087515e-11   2.683986e-08   1.103956e-05   2.194951e-03   6.254210e-02   9.352519e-01
         7.9500   1.889755e-64   1.465550e-56   3.113380e-50   1.168461e-44   2.115936e-39   1.670204e-34   1.294459e-29   2.047739e-25   1.536837e-21   5.264587e-18   1.075153e-14   1.402861e-11   1.410036e-08   6.694345e-06   1.530781e-03   5.274278e-02   9.457197e-01
         8.0000   1.927522e-65   1.710220e-57   4.115722e-51   1.754305e-45   3.609254e-40   3.245068e-35   2.886838e-30   5.252558e-26   4.548229e-22   1.800520e-18   4.256815e-15   6.441061e-12   7.475668e-09   4.094580e-06   1.076470e-03   4.465173e-02   9.542677e-01
         8.0500   2.004398e-66   2.033688e-58   5.542094e-52   2.681906e-46   6.266131e-41   6.413340e-36   6.542859e-31   1.367846e-26   1.364934e-22   6.236338e-19   1.704408e-15   2.985933e-12   3.996962e-09   2.524362e-06   7.627306e-04   3.793818e-02   9.612966e-01
         8.1000   2.121909e-67   2.460795e-59   7.591141e-53   4.169030e-47   1.105782e-41   1.287631e-36   1.505154e-31   3.612082e-27   4.149056e-23   2.185272e-19   6.894807e-16   1.396418e-12   2.153481e-09   1.567509e-06   5.441120e-04   3.233936e-02   9.671150e-01
         8.1500   2.283661e-68   3.025786e-60   1.056264e-53   6.581414e-48   1.980987e-42   2.623120e-37   3.510368e-32   9.661509e-28   1.276127e-23   7.739160e-20   2.815356e-16   6.582747e-13   1.168309e-09   9.796280e-07   3.904977e-04   2.764678e-02   9.719617e-01
         8.2000   2.495480e-69   3.776050e-61   1.491239e-54   1.053866e-48   3.598643e-43   5.416089e-38   8.291299e-33   2.614928e-28   3.967617e-24   2.767609e-20   1.159440e-16   3.125592e-13   6.377902e-10   6.157484e-07   2.817277e-04   2.369469e-02   9.760230e-01
         8.2500   2.765433e-70   4.776955e-62   2.133638e-55   1.709754e-49   6.621456e-44   1.132203e-38   1.981255e-33   7.154352e-29   1.245807e-24   9.985184e-21   4.811865e-17   1.493724e-13   3.501064e-10   3.889887e-07   2.041716e-04   2.035098e-02   9.794445e-01
         8.3000   3.104239e-71   6.119037e-63   3.090354e-56   2.807305e-50   1.232717e-44   2.393796e-39   4.784974e-34   1.976827e-29   3.947047e-25   3.631506e-21   2.010904e-17   7.179768e-14   1.931206e-10   2.468132e-07   1.485244e-04   1.750987e-02   9.823414e-01
         8.3500   3.525829e-72   7.928153e-64   4.526459e-57   4.660271e-51   2.319726e-45   5.113979e-40   1.166930e-34   5.511585e-30   1.260779e-25   1.330349e-21   8.456171e-18   3.468708e-14   1.069763e-10   1.571898e-07   1.083749e-04   1.508635e-02   9.848051e-01
         8.4000   4.047718e-73   1.037896e-64   6.697568e-58   7.813622e-52   4.407958e-46   1.102853e-40   2.871003e-35   1.549204e-30   4.056840e-26   4.905156e-22   3.575574e-18   1.683264e-14   5.947020e-11   1.004219e-07   7.926649e-05   1.301168e-02   9.869090e-01
         8.4500   4.691716e-74   1.371403e-65   1.000066e-58   1.321799e-52   8.449423e-47   2.398492e-41   7.119335e-36   4.386067e-31   1.313867e-26   1.818880e-22   1.519103e-18   8.199186e-15   3.315777e-11   6.431367e-08   5.807550e-05   1.123003e-02   9.887118e-01
         8.5000   5.484807e-75   1.827037e-66   1.505368e-59   2.253759e-53   1.632190e-47   5.255314e-42   1.777699e-36   1.249653e-31   4.279201e-27   6.777582e-23   6.480050e-19   4.006174e-15   1.852974e-11   4.126427e-08   4.259539e-05   9.695793e-03   9.902616e-01
         8.5500   6.460159e-76   2.451605e-67   2.282007e-60   3.869384e-54   3.174237e-48   1.158994e-42   4.465701e-37   3.579903e-32   1.400432e-27   2.535864e-23   2.773348e-19   1.962191e-15   1.037245e-11   2.650773e-08   3.125606e-05   8.371519e-03   9.915972e-01
         8.6000   7.656582e-77   3.309314e-68   3.479531e-61   6.681041e-55   6.207478e-49   2.569680e-43   1.127310e-37   1.030039e-32   4.600640e-28   9.518448e-24   1.189928e-19   9.627397e-16   5.812412e-12   1.703871e-08   2.293277e-05   7.226267e-03   9.927508e-01
         8.6500   9.099003e-78   4.477875e-69   5.317685e-62   1.156080e-55   1.216404e-49   5.707970e-44   2.849865e-38   2.966628e-33   1.512164e-28   3.572915e-24   5.103127e-20   4.719285e-16   3.253632e-12   1.093562e-08   1.681478e-05   6.234340e-03   9.937488e-01
         8.7000   1.085975e-78   6.083555e-70   8.158920e-63   2.008111e-56   2.392479e-50   1.272384e-44   7.227306e-39   8.567674e-34   4.981414e-29   1.343423e-24   2.190871e-20   2.314262e-16   1.820944e-12   7.014164e-09   1.231442e-05   5.374267e-03   9.946134e-01
         8.7500   1.300590e-79   8.291378e-71   1.255706e-63   3.498528e-57   4.719236e-51   2.844088e-45   1.837248e-39   2.479355e-34   1.643541e-29   5.056544e-25   9.410208e-21   1.134693e-16   1.018407e-12   4.493858e-09   9.003593e-06   4.628007e-03   9.953630e-01
         8.8000   1.561666e-80   1.132704e-71   1.937000e-64   6.108368e-58   9.328199e-52   6.369606e-46   4.678072e-40   7.184143e-35   5.427270e-30   1.903973e-25   4.041259e-21   5.559412e-17   5.688760e-13   2.874432e-09   6.569049e-06   3.980305e-03   9.960131e-01
         8.8500   1.878566e-81   1.549864e-72   2.992464e-65   1.068026e-58   1.846312e-52   1.428276e-46   1.192261e-40   2.082968e-35   1.792584e-30   7.167569e-26   1.734300e-21   2.720434e-17   3.172319e-13   1.834726e-09   4.780745e-06   3.418194e-03   9.965770e-01
         8.9000   2.262357e-82   2.122602e-73   4.626994e-66   1.868840e-59   3.656900e-53   3.204548e-47   3.039606e-41   6.039633e-36   5.918819e-31   2.696252e-26   7.433782e-22   1.328957e-17   1.765292e-13   1.168152e-09   3.469226e-06   2.930580e-03   9.970659e-01
         8.9500   2.726037e-83   2.907933e-74   7.156256e-67   3.270725e-60   7.243921e-54   7.190087e-48   7.747687e-42   1.750398e-36   1.952710e-31   1.013043e-26   3.181177e-22   6.478531e-18   9.798896e-14   7.416214e-10   2.509384e-06   2.507922e-03   9.974896e-01
         9.0000   3.284769e-84   3.983006e-75   1.106528e-67   5.722333e-61   1.434381e-54   1.612487e-48   1.973455e-42   5.068306e-37   6.434268e-32   3.800107e-27   1.358602e-22   3.150518e-18   5.423947e-14   4.693350e-10   1.808710e-06   2.141971e-03   9.978562e-01
