# CIE ionization fractions for Ar (Z=18)
# Source: CHIANTI v11.0.2 chianti.ioneq (Dere et al. 2009)
# T grid: 121 log-spaced points, 10^3.00 K -> 10^9.00 K
# Generated by pyathena/photchem/data/build_ioneq_tables.py
#
# log_T_K        x_Ar0          x_Ar1          x_Ar2          x_Ar3          x_Ar4          x_Ar5          x_Ar6          x_Ar7          x_Ar8          x_Ar9          x_Ar10         x_Ar11         x_Ar12         x_Ar13         x_Ar14         x_Ar15         x_Ar16         x_Ar17         x_Ar18       
         3.0000            nan            nan            nan   0.000000e+00   0.000000e+00   0.000000e+00   0.000000e+00   0.000000e+00   0.000000e+00   0.000000e+00   0.000000e+00   0.000000e+00   0.000000e+00   0.000000e+00   0.000000e+00   0.000000e+00   0.000000e+00   0.000000e+00   0.000000e+00
         3.0500            nan            nan            nan   0.000000e+00   0.000000e+00   0.000000e+00   0.000000e+00   0.000000e+00   0.000000e+00   0.000000e+00   0.000000e+00   0.000000e+00   0.000000e+00   0.000000e+00   0.000000e+00   0.000000e+00   0.000000e+00   0.000000e+00   0.000000e+00
         3.1000            nan            nan            nan            nan   0.000000e+00   0.000000e+00   0.000000e+00   0.000000e+00   0.000000e+00   0.000000e+00   0.000000e+00   0.000000e+00   0.000000e+00   0.000000e+00   0.000000e+00   0.000000e+00   0.000000e+00   0.000000e+00   0.000000e+00
         3.1500   1.000000e+00   3.299935e-54  5.041900e-150  8.723447e-294   0.000000e+00   0.000000e+00   0.000000e+00   0.000000e+00   0.000000e+00   0.000000e+00   0.000000e+00   0.000000e+00   0.000000e+00   0.000000e+00   0.000000e+00   0.000000e+00   0.000000e+00   0.000000e+00   0.000000e+00
         3.2000   1.000000e+00   5.246610e-48  4.832976e-133  6.036791e-261   0.000000e+00   0.000000e+00   0.000000e+00   0.000000e+00   0.000000e+00   0.000000e+00   0.000000e+00   0.000000e+00   0.000000e+00   0.000000e+00   0.000000e+00   0.000000e+00   0.000000e+00   0.000000e+00   0.000000e+00
         3.2500   1.000000e+00   1.809140e-42  6.863767e-118  1.181796e-231   0.000000e+00   0.000000e+00   0.000000e+00   0.000000e+00   0.000000e+00   0.000000e+00   0.000000e+00   0.000000e+00   0.000000e+00   0.000000e+00   0.000000e+00   0.000000e+00   0.000000e+00   0.000000e+00   0.000000e+00
         3.3000   1.000000e+00   1.597865e-37  2.284037e-104  1.588749e-205   0.000000e+00   0.000000e+00   0.000000e+00   0.000000e+00   0.000000e+00   0.000000e+00   0.000000e+00   0.000000e+00   0.000000e+00   0.000000e+00   0.000000e+00   0.000000e+00   0.000000e+00   0.000000e+00   0.000000e+00
         3.3500   1.000000e+00   4.192405e-33   2.679423e-92  3.234431e-182  2.995038e-316   0.000000e+00   0.000000e+00   0.000000e+00   0.000000e+00   0.000000e+00   0.000000e+00   0.000000e+00   0.000000e+00   0.000000e+00   0.000000e+00   0.000000e+00   0.000000e+00   0.000000e+00   0.000000e+00
         3.4000   1.000000e+00   3.729113e-29   1.594690e-81  2.018886e-161  9.676627e-281   0.000000e+00   0.000000e+00   0.000000e+00   0.000000e+00   0.000000e+00   0.000000e+00   0.000000e+00   0.000000e+00   0.000000e+00   0.000000e+00   0.000000e+00   0.000000e+00   0.000000e+00   0.000000e+00
         3.4500   1.000000e+00   1.264956e-25   6.660409e-72  7.248467e-143  4.581595e-249   0.000000e+00   0.000000e+00   0.000000e+00   0.000000e+00   0.000000e+00   0.000000e+00   0.000000e+00   0.000000e+00   0.000000e+00   0.000000e+00   0.000000e+00   0.000000e+00   0.000000e+00   0.000000e+00
         3.5000   1.000000e+00   1.817219e-22   2.606586e-63  2.623488e-126  8.298076e-221   0.000000e+00   0.000000e+00   0.000000e+00   0.000000e+00   0.000000e+00   0.000000e+00   0.000000e+00   0.000000e+00   0.000000e+00   0.000000e+00   0.000000e+00   0.000000e+00   0.000000e+00   0.000000e+00
         3.5500   1.000000e+00   1.213849e-19   1.236732e-55  1.578455e-111  1.352771e-195  1.413195e-301   0.000000e+00   0.000000e+00   0.000000e+00   0.000000e+00   0.000000e+00   0.000000e+00   0.000000e+00   0.000000e+00   0.000000e+00   0.000000e+00   0.000000e+00   0.000000e+00   0.000000e+00
         3.6000   1.000000e+00   4.097119e-17   8.949728e-49   2.465308e-98  4.257233e-173  1.867332e-267   0.000000e+00   0.000000e+00   0.000000e+00   0.000000e+00   0.000000e+00   0.000000e+00   0.000000e+00   0.000000e+00   0.000000e+00   0.000000e+00   0.000000e+00   0.000000e+00   0.000000e+00
         3.6500   1.000000e+00   7.525262e-15   1.211996e-42   1.486810e-86  5.106588e-153  5.189712e-237   0.000000e+00   0.000000e+00   0.000000e+00   0.000000e+00   0.000000e+00   0.000000e+00   0.000000e+00   0.000000e+00   0.000000e+00   0.000000e+00   0.000000e+00   0.000000e+00   0.000000e+00
         3.7000   1.000000e+00   8.033894e-13   3.685307e-37   4.932473e-76  4.281883e-135  7.625055e-210  2.849018e-301   0.000000e+00   0.000000e+00   0.000000e+00   0.000000e+00   0.000000e+00   0.000000e+00   0.000000e+00   0.000000e+00   0.000000e+00   0.000000e+00   0.000000e+00   0.000000e+00
         3.7500   1.000000e+00   5.286297e-11   2.959274e-32   1.233968e-66  4.309947e-119  1.345558e-185  4.969357e-267   0.000000e+00   0.000000e+00   0.000000e+00   0.000000e+00   0.000000e+00   0.000000e+00   0.000000e+00   0.000000e+00   0.000000e+00   0.000000e+00   0.000000e+00   0.000000e+00
         3.8000   1.000000e+00   2.258444e-09   7.250150e-28   3.084432e-58  8.433298e-105  5.922151e-164  1.785952e-236   0.000000e+00   0.000000e+00   0.000000e+00   0.000000e+00   0.000000e+00   0.000000e+00   0.000000e+00   0.000000e+00   0.000000e+00   0.000000e+00   0.000000e+00   0.000000e+00
         3.8500   9.999999e-01   6.560742e-08   6.162339e-24   9.901835e-51   4.929604e-92  1.246536e-144  3.325555e-209  4.391670e-297   0.000000e+00   0.000000e+00   0.000000e+00   0.000000e+00   0.000000e+00   0.000000e+00   0.000000e+00   0.000000e+00   0.000000e+00   0.000000e+00   0.000000e+00
         3.9000   9.999986e-01   1.350032e-06   2.036952e-20   5.107557e-44   1.262281e-80  2.241877e-127  7.305321e-185  4.327550e-263   0.000000e+00   0.000000e+00   0.000000e+00   0.000000e+00   0.000000e+00   0.000000e+00   0.000000e+00   0.000000e+00   0.000000e+00   0.000000e+00   0.000000e+00
         3.9500   9.999796e-01   2.040305e-05   2.898209e-17   5.169260e-38   1.990776e-70  5.781020e-112  3.946309e-163  9.385996e-233  1.677328e-313   0.000000e+00   0.000000e+00   0.000000e+00   0.000000e+00   0.000000e+00   0.000000e+00   0.000000e+00   0.000000e+00   0.000000e+00   0.000000e+00
         4.0000   9.997662e-01   2.337991e-04   1.942211e-14   1.226331e-32   2.618183e-61   3.391682e-98  1.009703e-143  1.120986e-205  1.519944e-277   0.000000e+00   0.000000e+00   0.000000e+00   0.000000e+00   0.000000e+00   0.000000e+00   0.000000e+00   0.000000e+00   0.000000e+00   0.000000e+00
         4.0500   9.979132e-01   2.086849e-03   6.632663e-12   7.979110e-28   3.754297e-53   6.826954e-86  2.193093e-126  1.669131e-181  1.886077e-245   0.000000e+00   0.000000e+00   0.000000e+00   0.000000e+00   0.000000e+00   0.000000e+00   0.000000e+00   0.000000e+00   0.000000e+00   0.000000e+00
         4.1000   9.852573e-01   1.474270e-02   1.228229e-09   1.624165e-23   7.390113e-46   6.746547e-75  6.747951e-111  6.373068e-160  8.381694e-217   0.000000e+00   0.000000e+00   0.000000e+00   0.000000e+00   0.000000e+00   0.000000e+00   0.000000e+00   0.000000e+00   0.000000e+00   0.000000e+00
         4.1500   9.194370e-01   8.056287e-02   1.255858e-07   1.119896e-19   2.361222e-39   4.340285e-65   4.470124e-97  1.143453e-140  3.028042e-191   0.000000e+00   0.000000e+00   0.000000e+00   0.000000e+00   0.000000e+00   0.000000e+00   0.000000e+00   0.000000e+00   0.000000e+00   0.000000e+00
         4.2000   7.000440e-01   2.999495e-01   6.477656e-06   2.522068e-16   1.277452e-33   2.100279e-56   8.311940e-85  1.485446e-123  1.658312e-168  1.739023e-302   0.000000e+00   0.000000e+00   0.000000e+00   0.000000e+00   0.000000e+00   0.000000e+00   0.000000e+00   0.000000e+00   0.000000e+00
         4.2500   3.594321e-01   6.404214e-01   1.465233e-04   1.690227e-13   1.144306e-28   8.185009e-49   5.168471e-74  1.930815e-108  2.255118e-148  1.083394e-267   0.000000e+00   0.000000e+00   0.000000e+00   0.000000e+00   0.000000e+00   0.000000e+00   0.000000e+00   0.000000e+00   0.000000e+00
         4.3000   1.348269e-01   8.635269e-01   1.646255e-03   3.975556e-11   2.132701e-24   3.496818e-42   1.607653e-64   4.280458e-95  1.510444e-130  8.568638e-237   0.000000e+00   0.000000e+00   0.000000e+00   0.000000e+00   0.000000e+00   0.000000e+00   0.000000e+00   0.000000e+00   0.000000e+00
         4.3500   4.661726e-02   9.413523e-01   1.203040e-02   4.447967e-09   1.186289e-20   2.519253e-36   4.182175e-56   3.031674e-83  1.068326e-114  2.747944e-209   0.000000e+00   0.000000e+00   0.000000e+00   0.000000e+00   0.000000e+00   0.000000e+00   0.000000e+00   0.000000e+00   0.000000e+00
         4.4000   1.626298e-02   9.195064e-01   6.423035e-02   2.736933e-07   2.393709e-17   3.949499e-31   1.263750e-48   1.050807e-72  1.378620e-100  8.807665e-185  7.998929e-281   0.000000e+00   0.000000e+00   0.000000e+00   0.000000e+00   0.000000e+00   0.000000e+00   0.000000e+00   0.000000e+00
         4.4500   5.349090e-03   7.589525e-01   2.356895e-01   8.920440e-06   1.762458e-14   1.425587e-26   5.008005e-42   2.189979e-63   4.439574e-88  5.296760e-163  1.489047e-248   0.000000e+00   0.000000e+00   0.000000e+00   0.000000e+00   0.000000e+00   0.000000e+00   0.000000e+00   0.000000e+00
         4.5000   1.484854e-03   4.758510e-01   5.225262e-01   1.378770e-04   4.394641e-12   1.145036e-22   2.663486e-36   3.027765e-55   4.331109e-77  9.620639e-144  6.148345e-220  4.054614e-306   0.000000e+00   0.000000e+00   0.000000e+00   0.000000e+00   0.000000e+00   0.000000e+00   0.000000e+00
         4.5500   3.832482e-04   2.491518e-01   7.493690e-01   1.095901e-03   4.142099e-10   2.363294e-19   2.309087e-31   3.619125e-48   1.816566e-67  9.630308e-127  1.366570e-194  2.170414e-271   0.000000e+00   0.000000e+00   0.000000e+00   0.000000e+00   0.000000e+00   0.000000e+00   0.000000e+00
         4.6000   1.137827e-04   1.338033e-01   8.604902e-01   5.592786e-03   1.886249e-08   1.650178e-16   4.493350e-27   5.517773e-42   5.213747e-59  1.057782e-111  4.196492e-172  1.550972e-240   0.000000e+00   0.000000e+00   0.000000e+00   0.000000e+00   0.000000e+00   0.000000e+00   0.000000e+00
         4.6500   4.205879e-05   7.932038e-02   8.996163e-01   2.102074e-02   4.844432e-07   4.682424e-14   2.455308e-23   1.435865e-36   1.466190e-51   2.228063e-98  3.900450e-152  4.186262e-213  3.098538e-283   0.000000e+00   0.000000e+00   0.000000e+00   0.000000e+00   0.000000e+00   0.000000e+00
         4.7000   1.865856e-05   5.029262e-02   8.884694e-01   6.121174e-02   7.538476e-06   6.015806e-12   4.359116e-20   7.861163e-32   5.289226e-45   1.406965e-86  2.097149e-134  1.023934e-188  3.338057e-251   0.000000e+00   0.000000e+00   0.000000e+00   0.000000e+00   0.000000e+00   0.000000e+00
         4.7500   9.231063e-06   3.231390e-02   8.265113e-01   1.410910e-01   7.451729e-05   3.803118e-10   2.832243e-17   1.079473e-27   3.079076e-39   3.923147e-76  1.148470e-118  4.889655e-167  1.052043e-222  5.433256e-285   0.000000e+00   0.000000e+00   0.000000e+00   0.000000e+00   0.000000e+00
         4.8000   4.757938e-06   2.020511e-02   7.165473e-01   2.627525e-01   4.903299e-04   1.283005e-08   7.556555e-15   4.381838e-24   3.576343e-34   6.871187e-67  1.067664e-104  9.086663e-148  2.376752e-197  6.801304e-253  1.775865e-314   0.000000e+00   0.000000e+00   0.000000e+00   0.000000e+00
         4.8500   2.447089e-06   1.208939e-02   5.784644e-01   4.071609e-01   2.282642e-03   2.543142e-07   9.412256e-13   6.233147e-21   1.025342e-29   1.059236e-58   2.717202e-92  1.241872e-130  8.737241e-175  2.602451e-224  3.240693e-279   0.000000e+00   0.000000e+00   0.000000e+00   0.000000e+00
         4.9000   1.234096e-06   6.937239e-03   4.396846e-01   5.452692e-01   8.104444e-03   3.305607e-06   6.290271e-11   3.700054e-18   8.975713e-26   1.985909e-51   2.963469e-81  2.249250e-115  1.108101e-154  7.736297e-199  7.923939e-248  5.148390e-303   0.000000e+00   0.000000e+00   0.000000e+00
         4.9500   6.071718e-07   3.847634e-03   3.186531e-01   6.543431e-01   2.312539e-02   3.010973e-05   2.474401e-09   1.036359e-15   2.806154e-22   5.845134e-45   1.997741e-71  8.826021e-102  9.157389e-137  3.965743e-176  7.714813e-220  4.387961e-269   0.000000e+00   0.000000e+00   0.000000e+00
         5.0000   2.916215e-07   2.080146e-03   2.226293e-01   7.197856e-01   5.530026e-02   2.043312e-04   6.232264e-08   1.529095e-13   3.605264e-19   3.393095e-39   1.154787e-62   1.164323e-89  8.700221e-121  7.140902e-156  7.136757e-195  8.093901e-239  8.363187e-286   0.000000e+00   0.000000e+00
         5.0500   1.360026e-07   1.094959e-03   1.500333e-01   7.339730e-01   1.138191e-01   1.078407e-03   1.070107e-06   1.294083e-11   2.129222e-16   4.700233e-34   7.569840e-55   7.552173e-79  1.558644e-106  8.419193e-138  1.346084e-172  8.150944e-212  1.041814e-253   0.000000e+00   0.000000e+00
         5.1000   6.076589e-08   5.548107e-04   9.659986e-02   6.925598e-01   2.056382e-01   4.633893e-03   1.333706e-05   6.820727e-10   6.428800e-14   1.853363e-29   7.272211e-48   3.408125e-69   8.257091e-94  1.142216e-121  1.031429e-152  1.031735e-187  4.626636e-225   0.000000e+00   0.000000e+00
         5.1500   2.554295e-08   2.659463e-04   5.847215e-02   6.007909e-01   3.242942e-01   1.605555e-02   1.212348e-04   2.288587e-08   1.036340e-11   2.312221e-25   1.223044e-41   1.387014e-60   1.839269e-82  2.806385e-107  5.653404e-135  3.288133e-166  1.682784e-199   0.000000e+00   0.000000e+00
         5.2000   1.000797e-08   1.195299e-04   3.299988e-02   4.755684e-01   4.453018e-01   4.518997e-02   8.198437e-04   5.062164e-07   9.415372e-10   1.018022e-21   4.284461e-36   6.517896e-53   2.397609e-72   1.902887e-94  3.735244e-119  4.987786e-147  1.070737e-176  2.840704e-309   0.000000e+00
         5.2500   3.623602e-09   4.993562e-05   1.722112e-02   3.415287e-01   5.327196e-01   1.042663e-01   4.206695e-03   7.630113e-06   5.070075e-08   1.746041e-18   3.655546e-31   4.415644e-46   2.461669e-63   5.197525e-83  4.752678e-105  6.373495e-130  2.352004e-156  1.269262e-274   0.000000e+00
         5.3000   1.202673e-09   1.922589e-05   8.242020e-03   2.212998e-01   5.550894e-01   1.986199e-01   1.664729e-02   8.062212e-05   1.690596e-06   1.271802e-15   8.715891e-27   5.245572e-40   2.589715e-55   8.001847e-73   1.767152e-92  1.140348e-114  3.266687e-138  1.011531e-243   0.000000e+00
         5.3500   3.600933e-10   6.709108e-06   3.560581e-03   1.276193e-01   5.012116e-01   3.152618e-01   5.168940e-02   6.141640e-04   3.638765e-05   4.259470e-13   6.579108e-23   1.303801e-34   3.536388e-48   9.391821e-64   2.792883e-81  4.506321e-101  4.933731e-122  3.645173e-216   0.000000e+00
         5.4000   9.574295e-11   2.087369e-06   1.366508e-03   6.471434e-02   3.894137e-01   4.145118e-01   1.260644e-01   3.410451e-03   5.167323e-04   6.940295e-11   1.732011e-19   7.821249e-30   7.624804e-42   1.084214e-55   2.583137e-71   5.819933e-89  1.295072e-107  1.341590e-191  3.544023e-282
         5.4500   2.257769e-11   5.779946e-07   4.653072e-04   2.887187e-02   2.594917e-01   4.500370e-01   2.422245e-01   1.397390e-02   4.935171e-03   5.791651e-09   1.735648e-16   1.287544e-25   3.093162e-36   1.546549e-48   1.861253e-62   3.486749e-78   8.982197e-95  1.043442e-169  1.428729e-250
         5.5000   4.666218e-12   1.406964e-07   1.389098e-04   1.117985e-02   1.467233e-01   4.009706e-01   3.664001e-01   4.257276e-02   3.201408e-02   2.576449e-07   7.118677e-14   6.486209e-22   2.744106e-31   3.321389e-42   1.340364e-54   1.316098e-68   2.376722e-83  3.259172e-150  2.060618e-222
         5.5500   8.023383e-13   2.856712e-08   3.451034e-05   3.570175e-03   6.705516e-02   2.803733e-01   4.192995e-01   9.338116e-02   1.362801e-01   6.069741e-06   1.222284e-11   1.056439e-18   5.834869e-27   1.227561e-36   1.154244e-47   3.939427e-60   3.189195e-73  6.941745e-133  2.348464e-197
         5.6000   1.058940e-13   4.461468e-09   6.580967e-06   8.679692e-04   2.291748e-02   1.428468e-01   3.384981e-01   1.384235e-01   3.563668e-01   7.266621e-05   8.652492e-10   5.638244e-16   3.113369e-23   8.484648e-32   1.344907e-41   1.106842e-52   2.696682e-64  1.558329e-117  4.132456e-175
         5.6500   1.098010e-14   5.482533e-10   9.849701e-07   1.643830e-04   6.005142e-03   5.453401e-02   1.990087e-01   1.439447e-01   5.958720e-01   4.700858e-04   2.746872e-08   1.099904e-13   4.785899e-20   1.301019e-27   2.606961e-36   3.735535e-46   1.920185e-56  5.984929e-104  2.245806e-155
         5.7000   1.038531e-15   6.151260e-11   1.341830e-07   2.814332e-05   1.402196e-03   1.818049e-02   9.963193e-02   1.233098e-01   7.554630e-01   1.983874e-03   4.814431e-07   9.867743e-12   2.735128e-17   5.877375e-24   1.152261e-31   2.150687e-40   1.699526e-49   6.903203e-92  7.971025e-138
         5.7500   9.990951e-17   7.022372e-12   1.854359e-08   4.857335e-06   3.267363e-04   5.970576e-03   4.805355e-02   9.875195e-02   8.404681e-01   6.418674e-03   5.566285e-06   4.955606e-10   7.231607e-15   9.979335e-21   1.523537e-27   2.859629e-35   2.619830e-43   3.910322e-81  3.566764e-122
         5.8000   1.027601e-17   8.570504e-13   2.732139e-09   8.901492e-07   8.003010e-05   2.029590e-03   2.351912e-02   7.803282e-02   8.789981e-01   1.729265e-02   4.677245e-05   1.559106e-08   1.009020e-12   7.422237e-18   7.198861e-24   1.078426e-30   8.907017e-38   1.580849e-71  3.390187e-108
         5.8500   1.139542e-18   1.127456e-13   4.328599e-10   1.746363e-07   2.075018e-05   7.193902e-04   1.179079e-02   6.149469e-02   8.854011e-01   4.027243e-02   3.003403e-04   3.274270e-07   8.047358e-11   2.668093e-15   1.370765e-20   1.332711e-26   7.930207e-33   6.122842e-63   1.048264e-95
         5.9000   1.336474e-19   1.568002e-14   7.235676e-11   3.595657e-08   5.588972e-06   2.613040e-04   5.960166e-03   4.762621e-02   8.621778e-01   8.244713e-02   1.516988e-03   4.779915e-06   3.875361e-09   4.975917e-13   1.150947e-17   6.031787e-23   2.117389e-28   2.902451e-55   1.514938e-84
         5.9500   1.641299e-20   2.282018e-15   1.263661e-11   7.695660e-09   1.550063e-06   9.652888e-05   3.018614e-03   3.604696e-02   8.054896e-01   1.491647e-01   6.132008e-03   4.989017e-05   1.174138e-07   5.087589e-11   4.579633e-15   1.094512e-19   1.896706e-24   2.076701e-48   1.401232e-74
         6.0000   2.068187e-21   3.404809e-16   2.259446e-12   1.678272e-09   4.341964e-07   3.560851e-05   1.505599e-03   2.623078e-02   7.132449e-01   2.385217e-01   2.007779e-02   3.809087e-04   2.318123e-06   2.991668e-09   9.194789e-13   8.616383e-17   6.288422e-21   2.698751e-42   1.095773e-65
         6.0500   2.592896e-22   5.049059e-17   4.009569e-13   3.616368e-10   1.192239e-07   1.274197e-05   7.191085e-04   1.786593e-02   5.897002e-01   3.358312e-01   5.367195e-02   2.167861e-03   3.076355e-05   1.056147e-07   9.852603e-11   3.157529e-14   8.423497e-18   7.513111e-37   9.285996e-58
         6.1000   3.175677e-23   7.305982e-18   6.931991e-14   7.559739e-11   3.151461e-08   4.346684e-06   3.234958e-04   1.121497e-02   4.477281e-01   4.134865e-01   1.176205e-01   9.337704e-03   2.820133e-04   2.326892e-06   5.926477e-09   5.739587e-12   4.932968e-15   5.194757e-32   1.064732e-50
         6.1500   3.745706e-24   1.016819e-18   1.150726e-14   1.511334e-11   7.909131e-09   1.395108e-06   1.353717e-04   6.417270e-03   3.072214e-01   4.417532e-01   2.117691e-01   3.083825e-02   1.830649e-03   3.316499e-05   2.096610e-07   5.488220e-10   1.357792e-12   1.019877e-27   2.017391e-44
         6.2000   4.176161e-25   1.335895e-19   1.799941e-15   2.836271e-12   1.850647e-09   4.139606e-07   5.181311e-05   3.296583e-03   1.879928e-01   4.068213e-01   3.138655e-01   7.903797e-02   8.612634e-03   3.163716e-04   4.557377e-06   2.917414e-08   1.879117e-10   6.424722e-24   7.570592e-39
         6.2500   4.300529e-26   1.618796e-20   2.591835e-16   4.882848e-13   3.948695e-10   1.111240e-07   1.776339e-05   1.491730e-03   1.015912e-01   3.215689e-01   3.840595e-01   1.590979e-01   3.002238e-02   2.086077e-03   6.343151e-05   9.083834e-07   1.392730e-08   1.452421e-20   6.632112e-34
         6.3000   4.041518e-27   1.787522e-21   3.394107e-17   7.618967e-14   7.591147e-11   2.667938e-08   5.396335e-06   5.891289e-04   4.817074e-02   2.177097e-01   3.895155e-01   2.544632e-01   7.914504e-02   9.795890e-03   5.873453e-04   1.739303e-05   5.859968e-07   1.304633e-17   1.573577e-29
         6.3500   3.475681e-28   1.803380e-22   4.052271e-18   1.080355e-14   1.318692e-11   5.748318e-09   1.458452e-06   2.041762e-04   1.994941e-02   1.261087e-01   3.287126e-01   3.267756e-01   1.606423e-01   3.363344e-02   3.743551e-03   2.139592e-04   1.474953e-05   5.100631e-15   1.154831e-25
         6.4000   2.711517e-29   1.647616e-23   4.371567e-19   1.379970e-15   2.052483e-12   1.102604e-09   3.481082e-07   6.173588e-05   7.181255e-03   6.237414e-02   2.312845e-01   3.394608e-01   2.545260e-01   8.623134e-02   1.689302e-02   1.754711e-03   2.322036e-04   9.394117e-13   2.944615e-22
         6.4500   1.893414e-30   1.344967e-24   4.204333e-20   1.566859e-16   2.825615e-13   1.860219e-10   7.254304e-08   1.612285e-05   2.226177e-03   2.615818e-02   1.351677e-01   2.854488e-01   3.166674e-01   1.671175e-01   5.498354e-02   9.851246e-03   2.363354e-03   8.687553e-11   2.874128e-19
         6.5000   1.152892e-31   9.556278e-26   3.512005e-21   1.541146e-17   3.357074e-14   2.695188e-11   1.289490e-08   3.557784e-06   5.818519e-04   9.123483e-03   6.452813e-02   1.917655e-01   3.066508e-01   2.439770e-01   1.293771e-01   3.820963e-02   1.578303e-02   4.207702e-09   1.153610e-16
         6.5500   5.796602e-33   5.596636e-27   2.413259e-22   1.244483e-18   3.260539e-15   3.175355e-12   1.852581e-09   6.293571e-07   1.235078e-04   2.553071e-03   2.432889e-02   9.979913e-02   2.248962e-01   2.622547e-01   2.162065e-01   1.011791e-01   6.865817e-02   1.085548e-07   1.988178e-14
         6.6000   2.367051e-34   2.657446e-28   1.341996e-23   8.111982e-20   2.545235e-16   2.991956e-13   2.116365e-10   8.786780e-08   2.063983e-05   5.563628e-04   7.044340e-03   3.921831e-02   1.221116e-01   2.036585e-01   2.528863e-01   1.811511e-01   1.933512e-01   1.514613e-06   1.529194e-12
         6.6500   8.062765e-36   1.050824e-29   6.204568e-25   4.385649e-21   1.641232e-17   2.318029e-14   1.977431e-11   9.967784e-09   2.796461e-06   9.733144e-05   1.617229e-03   1.203950e-02   5.090428e-02   1.188571e-01   2.161624e-01   2.298935e-01   3.704137e-01   1.223747e-05   5.739021e-11
         6.7000   2.512997e-37   3.796227e-31   2.617014e-26   2.158202e-22   9.596443e-19   1.621514e-15   1.660111e-12   1.010072e-09   3.377688e-07   1.504348e-05   3.243960e-04   3.186920e-03   1.801956e-02   5.780968e-02   1.502153e-01   2.308057e-01   5.395580e-01   6.505622e-05   1.216560e-09
         6.7500   7.886456e-39   1.378860e-32   1.108346e-27   1.064150e-23   5.602224e-20   1.127990e-16   1.379840e-13   1.008121e-10   4.009956e-08   2.266615e-06   6.280059e-05   8.046324e-04   6.001761e-03   2.602216e-02   9.449235e-02   2.046451e-01   6.677109e-01   2.579541e-04   1.678806e-08
         6.8000   2.646896e-40   5.348809e-34   5.006706e-29   5.585440e-25   3.469872e-21   8.294522e-18   1.207442e-14   1.054466e-11   4.978876e-09   3.544735e-07   1.250525e-05   2.067589e-04   2.009819e-03   1.160504e-02   5.772741e-02   1.722795e-01   7.553271e-01   8.313322e-04   1.667937e-07
         6.8500   9.762851e-42   2.277297e-35   2.479164e-30   3.207622e-26   2.344205e-22   6.630178e-19   1.144325e-15   1.189707e-12   6.655875e-10   5.926569e-08   2.640296e-06   5.579833e-05   6.991671e-04   5.306674e-03   3.551690e-02   1.430615e-01   8.130631e-01   2.292891e-03   1.272882e-06
         6.9000   3.987087e-43   1.072256e-36   1.355943e-31   2.031246e-27   1.741759e-23   5.810300e-20   1.185010e-16   1.461551e-13   9.687525e-11   1.071748e-08   5.983541e-07   1.602298e-05   2.562522e-04   2.526621e-03   2.237998e-02   1.193168e-01   8.499148e-01   5.581168e-03   7.785342e-06
         6.9500   1.789426e-44   5.542015e-38   8.131154e-33   1.408099e-28   1.413184e-24   5.544008e-21   1.332150e-17   1.943127e-14   1.534041e-11   2.095680e-09   1.455901e-07   4.900611e-06   9.914109e-05   1.256510e-03   1.450920e-02   1.005476e-01   8.713158e-01   1.222743e-02   3.933006e-05
         7.0000   8.796673e-46   3.134194e-39   5.329110e-34   1.065224e-29   1.248216e-25   5.743304e-22   1.621347e-18   2.788814e-15   2.618082e-12   4.391234e-10   3.771449e-08   1.583985e-06   4.020680e-05   6.488779e-04   9.636947e-03   8.541828e-02   8.796499e-01   2.443630e-02   1.678784e-04
         7.0500   4.696898e-47   1.923253e-40   3.785530e-35   8.721779e-31   1.190612e-26   6.409396e-23   2.120326e-19   4.289480e-16   4.779748e-13   9.790271e-11   1.033244e-08   5.377485e-07   1.699650e-05   3.462120e-04   6.529836e-03   7.290193e-02   8.746396e-01   4.494890e-02   6.160058e-04
         7.1000   2.687992e-48   1.263717e-41   2.876286e-36   7.628313e-32   1.210651e-27   7.607710e-24   2.942359e-20   6.984326e-17   9.219819e-14   2.294534e-11   2.959145e-09   1.896363e-07   7.411140e-06   1.889970e-04   4.474384e-03   6.206175e-02   8.547207e-01   7.657680e-02   1.969765e-03
         7.1500   1.616767e-49   8.718896e-43   2.292306e-37   6.989541e-33   1.287172e-28   9.422163e-25   4.251286e-21   1.181502e-17   1.844035e-14   5.549282e-12   8.702017e-10   6.828537e-08   3.279646e-06   1.039785e-04   3.059251e-03   5.214356e-02   8.178346e-01   1.213083e-01   5.547047e-03
         7.2000   1.011121e-50   6.249181e-44   1.895832e-38   6.638140e-34   1.415987e-29   1.205064e-25   6.330761e-22   2.055845e-18   3.786154e-15   1.371486e-12   2.602707e-10   2.487510e-08   1.459627e-06   5.714275e-05   2.069864e-03   4.291160e-02   7.621203e-01   1.789792e-01   1.386042e-02
         7.2500   6.495756e-52   4.597153e-45   1.607582e-39   6.456616e-35   1.592651e-30   1.572990e-26   9.604226e-23   3.637623e-19   7.890036e-16   3.425623e-13   7.832658e-11   9.072665e-09   6.468799e-07   3.107410e-05   1.373846e-03   3.432583e-02   6.874254e-01   2.459516e-01   3.089156e-02
         7.3000   4.230378e-53   3.425563e-46   1.379352e-40   6.347904e-36   1.807884e-31   2.068733e-27   1.465550e-23   6.462992e-20   1.648088e-16   8.542004e-14   2.343526e-11   3.274883e-09   2.823074e-07   1.654357e-05   8.859322e-04   2.646957e-02   5.964455e-01   3.145356e-01   6.164654e-02
         7.3500   2.741201e-54   2.537832e-47   1.175522e-41   6.192555e-37   2.033275e-32   2.691415e-28   2.208791e-24   1.132323e-20   3.389019e-17   2.089015e-14   6.852254e-12   1.150695e-09   1.194403e-07   8.498941e-06   5.480877e-04   1.948648e-02   4.952599e-01   3.741468e-01   1.105502e-01
         7.4000   1.758695e-55   1.860283e-48   9.902720e-43   5.965701e-38   2.255124e-33   3.448032e-29   3.273294e-25   1.947728e-21   6.830373e-18   4.989881e-15   1.949918e-12   3.919684e-10   4.878868e-08   4.195955e-06   3.241287e-04   1.365300e-02   3.925083e-01   4.144789e-01   1.790315e-01
         7.4500   1.120075e-56   1.352761e-49   8.268116e-44   5.690968e-39   2.473477e-34   4.362445e-30   4.783932e-26   3.299400e-22   1.353308e-18   1.167930e-15   5.418819e-13   1.299028e-10   1.931216e-08   1.998200e-06   1.839298e-04   9.136457e-03   2.972617e-01   4.295406e-01   2.638752e-01
         7.5000   7.094930e-58   9.777924e-51   6.855903e-45   5.386948e-40   2.688671e-35   5.462872e-31   6.911234e-27   5.517235e-23   2.642133e-19   2.685482e-16   1.474656e-13   4.201040e-11   7.431868e-09   9.211561e-07   1.005689e-04   5.868651e-03   2.162880e-01   4.198346e-01   3.579073e-01
         7.5500   4.494400e-59   7.064075e-52   5.677375e-46   5.088272e-41   2.912906e-36   6.809950e-32   9.927243e-28   9.161105e-24   5.113114e-20   6.102965e-17   3.954499e-14   1.334371e-11   2.799224e-09   4.139546e-07   5.338535e-05   3.647938e-03   1.524549e-01   3.911524e-01   4.526910e-01
         7.6000   2.859292e-60   5.122795e-53   4.715576e-47   4.816925e-42   3.159443e-37   8.489155e-33   1.424293e-28   1.517523e-24   9.854235e-21   1.377462e-17   1.050434e-14   4.186192e-12   1.038298e-09   1.825693e-07   2.772138e-05   2.213387e-03   1.050892e-01   3.513572e-01   5.413123e-01
         7.6500   1.819054e-61   3.713280e-54   3.912020e-48   4.551447e-43   3.417251e-38   1.054140e-33   2.033415e-29   2.498586e-25   1.887466e-21   3.082045e-18   2.759482e-15   1.295509e-12   3.789748e-10   7.902347e-08   1.410275e-05   1.315991e-03   7.147071e-02   3.075034e-01   6.196957e-01
         7.7000   1.179294e-62   2.741663e-55   3.303477e-49   4.374613e-44   3.755993e-39   1.328834e-34   2.944080e-30   4.167352e-26   3.658690e-22   6.962611e-19   7.301223e-16   4.027101e-13   1.385509e-10   3.414852e-08   7.141829e-06   7.771987e-04   4.830777e-02   2.645001e-01   6.864077e-01
         7.7500   7.823403e-64   2.070622e-56   2.851591e-50   4.295390e-45   4.213519e-40   1.708044e-35   4.342195e-31   7.072827e-27   7.206406e-23   1.594816e-19   1.954238e-16   1.263155e-13   5.097729e-11   1.480554e-08   3.619179e-06   4.584543e-04   3.262909e-02   2.251026e-01   7.418062e-01
         7.8000   5.322514e-65   1.603185e-57   2.521921e-51   4.318571e-46   4.835788e-41   2.244081e-36   6.540123e-32   1.224604e-27   1.446062e-23   3.714082e-20   5.306907e-17   4.010319e-14   1.893805e-11   6.462799e-09   1.842121e-06   2.711729e-04   2.210757e-02   1.904654e-01   7.871540e-01
         7.8500   3.717047e-66   1.273766e-58   2.287417e-52   4.450537e-47   5.684324e-42   3.017176e-37   1.007199e-32   2.165839e-28   2.960147e-24   8.807266e-21   1.464540e-17   1.291067e-14   7.117872e-12   2.846499e-09   9.440082e-07   1.612485e-04   1.506205e-02   1.607635e-01   8.240122e-01
         7.9000   2.665062e-67   1.038723e-59   2.128231e-53   4.702475e-48   6.845584e-43   4.152790e-38   1.586628e-33   3.914565e-29   6.184738e-25   2.127952e-21   4.110565e-18   4.218730e-15   2.709615e-12   1.266666e-09   4.877833e-07   9.654602e-05   1.033359e-02   1.356631e-01   8.539062e-01
         7.9500   1.960781e-68   8.689826e-61   2.030282e-54   5.092182e-49   8.443184e-44   5.849558e-39   2.555956e-34   7.228983e-30   1.318728e-25   5.238568e-22   1.173544e-18   1.399590e-15   1.045199e-12   5.698281e-10   2.543390e-07   5.825564e-05   7.144059e-03   1.146179e-01   8.781795e-01
         8.0000   1.472974e-69   7.421067e-62   1.976104e-55   5.623565e-50   1.061341e-44   8.391910e-40   4.190655e-35   1.357563e-30   2.856335e-26   1.308119e-22   3.393832e-19   4.696487e-16   4.072041e-13   2.584663e-10   1.335612e-07   3.538754e-05   4.977931e-03   9.703427e-02   8.979523e-01
         8.0500   1.124973e-70   6.441873e-63   1.954049e-56   6.306970e-51   1.354093e-45   1.221141e-40   6.964559e-36   2.582172e-31   6.259974e-27   3.300832e-23   9.904986e-20   1.588256e-16   1.596686e-13   1.178234e-10   7.044494e-08   2.159781e-05   3.495426e-03   8.235165e-02   9.141313e-01
         8.1000   8.785268e-72   5.716670e-64   1.974411e-57   7.225186e-52   1.763698e-46   1.812994e-41   1.180228e-36   5.004372e-32   1.396577e-27   8.468779e-24   2.935299e-20   5.445776e-17   6.337958e-14   5.427472e-11   3.749267e-08   1.328619e-05   2.472518e-03   7.007607e-02   9.274381e-01
         8.1500   7.004554e-73   5.178614e-65   2.035542e-58   8.442544e-53   2.341952e-47   2.742628e-42   2.036723e-37   9.869762e-33   3.167714e-28   2.206738e-24   8.823348e-21   1.891379e-17   2.544681e-14   2.524591e-11   2.012399e-08   8.233872e-06   1.760944e-03   5.978796e-02   9.384428e-01
         8.2000   5.693243e-74   4.781587e-66   2.138068e-59   1.004763e-53   3.165902e-48   4.221665e-43   3.574506e-38   1.978333e-33   7.295726e-29   5.833157e-25   2.687331e-21   6.647190e-18   1.032461e-14   1.184856e-11   1.088557e-08   5.137548e-06   1.261999e-03   5.113853e-02   9.475943e-01
         8.2500   4.710462e-75   4.493616e-67   2.284802e-60   1.216236e-54   4.351074e-49   6.603551e-44   6.371846e-39   4.025262e-34   1.704163e-29   1.562374e-25   8.284211e-22   2.361606e-18   4.229372e-15   5.606241e-12   5.929870e-09   3.225298e-06   9.094917e-04   4.384123e-02   9.552460e-01
         8.3000   3.962157e-76   4.292705e-68   2.480939e-61   1.495547e-55   6.072327e-50   1.048442e-44   1.152370e-39   8.304653e-35   4.032907e-30   4.236053e-26   2.582351e-22   8.474385e-19   1.747804e-15   2.672398e-12   3.250957e-09   2.035973e-06   6.586759e-04   3.766216e-02   9.616771e-01
         8.3500   3.383938e-77   4.163324e-69   2.733986e-62   1.865915e-56   8.595457e-51   1.687697e-45   2.112132e-40   1.735499e-35   9.659337e-31   1.161472e-26   8.132324e-23   3.068800e-19   7.280854e-16   1.282469e-12   1.792521e-09   1.291473e-06   4.790506e-04   3.241086e-02   9.671088e-01
         8.4000   2.931014e-78   4.094590e-70   3.054106e-63   2.359374e-57   1.232693e-51   2.751432e-46   3.919201e-41   3.669985e-36   2.339253e-31   3.217533e-27   2.585045e-23   1.120550e-19   3.055000e-16   6.191635e-13   9.933864e-10   8.226784e-07   3.496484e-04   2.793228e-02   9.717172e-01
         8.4500   2.571891e-79   4.079245e-71   3.454824e-64   3.020428e-58   1.789287e-52   4.538541e-47   7.355527e-42   7.846033e-37   5.723136e-32   8.997995e-28   8.287820e-24   4.122723e-20   1.290296e-16   3.005447e-13   5.529886e-10   5.259523e-07   2.559351e-04   2.410003e-02   9.756435e-01
         8.5000   2.283767e-80   4.112227e-72   3.953283e-65   3.910662e-59   2.626022e-53   7.567172e-48   1.394917e-42   1.694243e-37   1.413288e-32   2.538073e-28   2.677822e-24   1.527222e-20   5.481685e-17   1.465819e-13   3.090239e-10   3.372639e-07   1.877545e-04   2.081078e-02   9.790011e-01
         8.5500   2.049887e-81   4.190051e-73   4.570928e-66   5.115319e-60   3.892707e-54   1.273980e-48   2.670327e-43   3.691632e-38   3.519354e-33   7.214547e-29   8.712159e-25   5.691711e-21   2.340819e-17   7.178396e-14   1.732483e-10   2.167854e-07   1.379541e-04   1.797981e-02   9.818820e-01
         8.6000   1.857810e-82   4.310457e-74   5.334443e-67   6.752510e-61   5.822094e-55   2.163477e-49   5.154913e-44   8.108701e-39   8.829195e-34   2.064739e-29   2.851670e-25   2.132344e-21   1.003982e-17   3.527381e-14   9.737914e-11   1.395908e-07   1.014596e-04   1.553735e-02   9.843611e-01
         8.6500   1.698195e-83   4.472115e-75   6.276853e-68   8.985932e-62   8.776576e-56   3.702166e-50   1.002494e-44   1.793699e-39   2.229448e-34   5.944009e-30   9.382743e-26   8.024096e-22   4.321787e-18   1.738031e-14   5.484086e-11   8.998781e-08   7.464617e-05   1.342571e-02   9.864996e-01
         8.7000   1.563831e-84   4.674026e-76   7.438271e-69   1.204148e-62   1.332022e-56   6.376805e-51   1.961932e-45   3.991751e-40   5.660550e-35   1.719629e-30   3.100492e-26   3.030418e-22   1.865763e-18   8.581175e-15   3.092484e-11   5.804305e-08   5.490729e-05   1.159698e-02   9.883480e-01
         8.7500   1.444137e-85   4.898454e-77   8.836618e-70   1.617436e-63   2.026078e-57   1.100576e-51   3.846466e-46   8.896878e-41   1.438684e-35   4.977539e-31   1.024588e-26   1.143967e-22   8.047649e-19   4.231290e-15   1.741307e-11   3.738605e-08   4.035762e-05   1.001117e-02   9.899484e-01
         8.8000   1.340039e-86   5.158130e-78   1.054545e-70   2.182171e-64   3.094933e-58   1.907235e-52   7.570437e-47   1.990157e-41   3.668164e-36   1.444685e-31   3.393213e-27   4.325210e-23   3.474535e-19   2.086911e-15   9.801685e-12   2.405935e-08   2.962595e-05   8.634706e-03   9.913356e-01
         8.8500   1.248645e-87   5.453981e-79   1.263387e-71   2.955267e-65   4.744972e-59   3.316647e-53   1.494895e-47   4.465512e-42   9.377386e-37   4.202467e-32   1.125712e-27   1.637244e-23   1.501036e-19   1.029239e-15   5.513965e-12   1.546478e-08   2.171016e-05   7.439290e-03   9.925390e-01
         8.9000   1.167237e-88   5.785087e-80   1.518071e-72   4.013702e-66   7.294634e-60   5.782430e-54   2.958985e-48   1.004175e-42   2.401585e-37   1.224223e-32   3.738233e-28   6.200377e-24   6.484214e-20   5.072703e-16   3.098245e-12   9.923491e-09   1.587467e-05   6.400915e-03   9.935832e-01
         8.9500   1.093704e-89   6.150402e-81   1.827925e-73   5.462151e-67   1.123557e-60   1.009897e-54   5.866263e-49   2.261278e-43   6.156908e-38   3.568813e-33   1.241721e-28   2.347652e-24   2.799148e-20   2.497035e-16   1.737910e-12   6.353879e-09   1.157765e-05   5.499112e-03   9.944893e-01
         9.0000   1.026443e-90   6.548904e-82   2.204011e-74   7.442747e-68   1.732582e-61   1.765585e-55   1.164023e-49   5.095725e-44   1.579024e-38   1.040451e-33   4.123264e-29   8.882086e-25   1.206886e-20   1.227044e-16   9.727505e-13   4.057755e-09   8.418761e-06   4.716330e-03   9.952752e-01
