# CIE ionization fractions for S (Z=16)
# Source: CHIANTI v11.0.2 chianti.ioneq (Dere et al. 2009)
# T grid: 101 log-spaced points, 10^4.00 K -> 10^9.00 K
# Generated by pyathena/photchem/data/build_ioneq_tables.py
#
# log_T_K        x_S0           x_S1           x_S2           x_S3           x_S4           x_S5           x_S6           x_S7           x_S8           x_S9           x_S10          x_S11          x_S12          x_S13          x_S14          x_S15          x_S16        
         4.0000   8.521189e-01   1.478810e-01   1.555758e-09   2.398504e-24   1.716878e-46   7.293906e-64   3.098710e-81   1.316442e-98  5.592710e-116  2.375981e-133  1.009401e-150  4.288293e-168  1.821819e-185  7.739732e-203  3.288113e-220  1.396907e-237  5.934554e-255
         4.0500   5.770883e-01   4.229116e-01   9.392249e-08   1.207877e-20   3.624660e-40   6.637040e-71   2.819650e-88  1.197887e-105  5.089049e-123  2.162008e-140  9.184976e-158  3.902103e-175  1.657752e-192  7.042717e-210  2.991995e-227  1.271106e-244  5.400107e-262
         4.1000   2.715274e-01   7.284701e-01   2.468148e-06   1.641447e-17   1.087525e-34   7.263389e-62   3.085745e-79   1.310934e-96  5.569311e-114  2.366041e-131  1.005178e-148  4.270352e-166  1.814197e-183  7.707350e-201  3.274355e-218  1.391062e-235  5.909725e-253
         4.1500   1.039947e-01   8.959706e-01   3.463736e-05   7.790450e-15   6.439930e-30   6.400076e-54   1.242856e-83  5.280091e-101  2.243170e-118  9.529779e-136  4.048588e-153  1.719983e-170  7.307099e-188  3.104315e-205  1.318823e-222  5.602826e-240  2.380279e-257
         4.2000   3.937264e-02   9.603008e-01   3.265563e-04   1.700455e-12   1.053818e-25   6.954785e-47   3.933456e-73   1.671071e-90  7.099303e-108  3.016036e-125  1.281319e-142  5.443496e-160  2.312590e-177  9.824701e-195  4.173881e-212  1.773213e-229  7.533235e-247
         4.2500   1.619654e-02   9.814828e-01   2.320659e-03   1.989651e-10   5.852852e-22   1.235887e-40   8.655493e-64   3.677160e-81   1.562188e-98  6.636727e-116  2.819517e-133  1.197831e-150  5.088809e-168  2.161906e-185  9.184544e-203  3.901920e-220  1.657674e-237
         4.3000   7.511069e-03   9.795380e-01   1.295091e-02   1.340571e-08   1.237869e-18   4.310026e-35   1.744263e-55   7.410246e-73   3.148135e-90  1.337439e-107  5.681915e-125  2.413879e-142  1.025501e-159  4.356693e-177  1.850877e-194  7.863183e-212  3.340559e-229
         4.3500   3.914497e-03   9.398232e-01   5.626182e-02   5.280112e-07   1.048627e-15   3.306197e-30   3.920210e-48   1.665444e-65   7.075396e-83  3.005879e-100  1.277004e-117  5.425165e-135  2.304802e-152  9.791616e-170  4.159826e-187  1.767241e-204  7.507867e-222
         4.4000   2.156466e-03   8.186169e-01   1.792150e-01   1.167121e-05   3.518385e-13   5.883082e-26   1.115780e-41   4.740229e-59   2.013817e-76   8.555409e-94  3.634641e-111  1.544124e-128  6.559987e-146  2.786915e-163  1.183980e-180  5.029967e-198  2.136908e-215
         4.4500   1.146391e-03   6.070173e-01   3.916984e-01   1.379349e-04   4.579357e-11   2.539090e-22   4.491719e-36   1.908241e-53   8.106886e-71   3.444092e-88  1.463172e-105  6.216075e-123  2.640809e-140  1.121909e-157  4.766267e-175  2.024879e-192  8.602404e-210
         4.5000   5.774756e-04   3.909677e-01   6.075340e-01   9.209078e-04   2.516445e-09   3.081048e-19   3.143924e-31   1.335650e-48   5.674316e-66   2.410650e-83  1.024130e-100  4.350866e-118  1.848402e-135  7.852666e-153  3.336091e-170  1.417289e-187  6.021148e-205
         4.5500   2.911278e-04   2.391532e-01   7.565186e-01   4.037059e-03   7.016156e-08   1.336995e-16   5.128119e-27   2.178607e-44   9.255492e-62   3.932061e-79   1.670479e-96  7.096786e-114  3.014966e-131  1.280864e-148  5.441566e-166  2.311770e-183  9.821217e-201
         4.6000   1.523090e-04   1.476213e-01   8.389304e-01   1.329473e-02   1.176275e-06   2.581584e-14   2.541262e-23   1.079618e-40   4.586600e-58   1.948550e-75   8.278131e-93  3.516843e-110  1.494080e-127  6.347380e-145  2.696592e-162  1.145608e-179  4.866947e-197
         4.6500   8.247082e-05   9.309566e-02   8.711483e-01   3.566025e-02   1.329826e-05   2.590878e-12   4.658940e-20   1.009240e-50   4.287608e-68   1.821528e-85  7.738496e-103  3.287587e-120  1.396683e-137  5.933606e-155  2.520806e-172  1.070928e-189  4.549680e-207
         4.7000   4.524342e-05   5.922576e-02   8.594177e-01   8.120246e-02   1.088440e-04   1.501101e-10   3.642228e-17   2.622319e-44   1.925190e-76   8.178889e-94  3.474682e-111  1.476168e-128  6.271284e-146  2.664264e-163  1.131874e-180  4.808600e-198  2.042864e-215
         4.7500   2.449249e-05   3.719621e-02   8.023026e-01   1.598038e-01   6.729162e-04   5.389716e-09   1.347187e-14   1.354350e-38   4.493319e-67  2.713182e-101  1.152656e-118  4.896890e-136  2.080372e-153  8.838159e-171  3.754763e-188  1.595156e-205  6.776789e-223
         4.8000   1.276236e-05   2.255206e-02   7.008565e-01   2.733546e-01   3.223902e-03   1.260401e-07   2.551830e-12   1.652636e-33   1.008646e-58   3.532949e-89  1.500922e-106  6.376447e-124  2.708941e-141  1.150854e-158  4.889235e-176  2.077120e-193  8.824343e-211
         4.8500   6.284415e-06   1.297567e-02   5.671900e-01   4.076277e-01   1.219833e-02   1.997281e-06   2.643848e-10   5.532500e-29   2.782833e-51   2.244812e-78  7.846357e-110  3.333411e-127  1.416151e-144  6.016311e-162  2.555942e-179  1.085855e-196  4.613095e-214
         4.9000   2.895148e-06   7.017668e-03   4.231998e-01   5.326369e-01   3.712047e-02   2.223294e-05   1.589937e-08   5.808086e-25   1.173061e-44   9.542111e-69   1.054650e-96  1.542484e-128  6.553019e-146  2.783955e-163  1.182723e-180  5.024625e-198  2.134639e-215
         4.9500   1.241120e-06   3.548825e-03   2.905375e-01   6.133692e-01   9.236315e-02   1.795119e-04   5.851185e-07   2.152383e-21   9.149088e-39   3.583201e-60   5.232987e-85  2.443713e-113  5.441118e-146  2.311580e-163  9.820409e-181  4.172058e-198  1.772438e-215
         5.0000   4.923180e-07   1.668387e-03   1.828979e-01   6.241978e-01   1.901433e-01   1.078300e-03   1.376881e-05   3.114675e-18   1.556555e-33   1.513462e-52   1.341224e-74  8.310981e-100  6.191515e-129  3.869371e-163  1.643846e-180  6.983639e-198  2.966897e-215
         5.0500   1.797860e-07   7.252677e-04   1.051957e-01   5.621181e-01   3.268247e-01   4.921036e-03   2.150852e-04   1.919128e-15   6.665204e-29   8.888580e-46   2.389520e-65   8.987567e-88  9.363583e-114  2.504893e-144  2.595911e-176  1.102835e-193  4.685233e-211
         5.1000   6.042964e-08   2.913667e-04   5.532376e-02   4.501507e-01   4.744782e-01   1.744247e-02   2.313401e-03   5.447999e-13   8.185936e-25   8.805666e-40   3.873961e-57   4.410996e-77  2.951055e-100  1.383740e-127  4.627116e-156  1.965763e-173  8.351256e-191
         5.1500   1.864228e-08   1.078250e-04   2.654718e-02   3.209676e-01   5.859380e-01   4.880565e-02   1.763379e-02   7.614414e-11   3.236833e-21   1.749081e-34   7.271613e-50   1.350891e-67   2.900240e-88  1.077387e-112  4.897592e-138  2.080671e-155  8.839426e-173
         5.2000   5.054692e-09   3.518409e-05   1.113550e-02   1.957826e-01   5.943729e-01   1.049596e-01   9.371417e-02   5.339078e-09   4.402784e-18   7.843954e-30   1.890559e-43   3.310005e-59   1.229847e-77   1.786176e-99  5.109097e-122  2.170526e-139  9.221162e-157
         5.2500   1.059957e-09   8.904062e-06   3.593911e-03   9.014374e-02   4.389420e-01   1.548680e-01   3.124432e-01   1.749307e-07   2.007264e-15   8.118201e-26   7.343422e-38   7.443543e-52   2.764562e-68   8.375387e-88  7.587488e-108  3.223434e-125  1.369429e-142
         5.3000   1.572135e-10   1.597614e-06   8.163609e-04   2.871694e-02   2.171623e-01   1.451909e-01   6.081093e-01   2.579051e-06   3.078811e-13   2.032367e-22   4.684900e-33   1.783837e-45   4.067611e-60   1.469975e-77   2.287656e-95  9.718774e-113  4.128879e-130
         5.3500   1.905597e-11   2.347193e-07   1.508098e-04   7.327073e-03   8.360461e-02   1.010253e-01   8.078713e-01   2.067452e-05   1.991682e-11   1.603487e-19   6.673445e-29   6.500722e-40   5.905136e-53   1.548250e-68   2.399631e-84  1.019448e-101  4.330978e-119
         5.4000   2.310817e-12   3.455393e-08   2.773833e-05   1.835896e-03   3.080288e-02   6.447974e-02   9.027393e-01   1.144104e-04   7.120650e-10   5.405012e-17   2.988665e-25   5.295559e-35   1.305562e-46   1.595453e-60   1.515026e-74   6.436367e-92  2.734397e-109
         5.4500   3.111542e-13   5.654979e-09   5.637881e-06   5.020481e-04   1.210253e-02   4.224780e-02   9.446427e-01   4.992311e-04   1.650388e-08   9.404614e-15   5.259925e-22   1.252277e-30   5.960825e-41   2.290067e-53   8.641660e-66   3.671283e-83  1.559691e-100
         5.5000   4.820630e-14   1.065683e-09   1.312093e-06   1.554334e-04   5.272582e-03   2.965853e-02   9.630867e-01   1.825162e-03   2.693879e-07   9.413291e-13   4.179105e-19   1.021630e-26   6.939291e-36   5.903191e-47   6.018667e-58   2.556943e-75   1.086280e-92
         5.5500   8.614461e-15   2.317453e-10   3.504958e-07   5.466736e-05   2.561014e-03   2.250430e-02   9.691159e-01   5.760528e-03   3.249798e-06   5.813795e-11   1.651772e-16   3.265263e-23   2.419341e-31   3.335587e-41   6.515466e-51   2.768001e-68   1.175945e-85
         5.6000   1.745513e-15   5.714843e-11   1.056380e-07   2.148893e-05   1.366946e-03   1.824325e-02   9.643919e-01   1.594641e-02   2.989405e-05   2.328972e-09   3.495519e-14   4.518838e-20   2.876286e-27   4.867462e-36   1.340875e-44   5.696514e-62   2.420081e-79
         5.6500   3.894520e-16   1.551430e-11   3.488320e-08   9.174084e-06   7.803715e-04   1.541714e-02   9.445836e-01   3.899557e-02   2.140208e-04   6.275654e-08   4.192259e-12   2.933501e-17   1.296854e-23   2.102659e-31   6.217388e-39   2.641367e-56   1.122146e-73
         5.7000   9.236200e-17   4.474387e-12   1.218207e-08   4.108641e-06   4.609045e-04   1.316662e-02   9.009001e-01   8.425979e-02   1.207272e-03   1.167405e-06   2.975977e-10   9.519581e-15   2.418541e-20   3.011786e-27   7.494915e-34   2.188268e-67   9.296536e-85
         5.7500   2.244403e-17   1.321124e-12   4.336860e-09   1.861672e-06   2.719674e-04   1.099520e-02   8.233179e-01   1.599996e-01   5.398148e-03   1.526463e-05   1.292372e-08   1.624020e-12   2.002408e-17   1.571674e-23   2.650098e-29   3.052393e-59   1.320842e-91
         5.8000   5.397030e-18   3.855902e-13   1.520010e-09   8.246212e-07   1.550936e-04   8.700393e-03   7.071527e-01   2.646687e-01   1.917968e-02   1.421921e-04   3.525491e-07   1.518079e-10   7.810465e-15   3.236316e-20   3.047960e-25   5.729885e-52   7.114246e-81
         5.8500   1.246553e-18   1.079520e-13   5.090793e-10   3.467283e-07   8.308568e-05   6.351506e-03   5.601806e-01   3.781376e-01   5.428489e-02   9.558472e-04   6.192846e-06   8.075042e-09   1.514291e-12   2.824279e-17   1.250713e-21   1.747667e-45   2.655221e-71
         5.9000   2.705434e-19   2.835511e-14   1.593919e-10   1.354397e-07   4.095964e-05   4.196840e-03   4.034365e-01   4.644136e-01   1.231272e-01   4.712416e-03   7.200308e-05   2.541857e-07   1.538894e-10   1.118790e-14   1.998286e-18   1.029646e-39   8.956875e-63
         5.9500   5.448119e-20   6.898569e-15   4.606987e-11   4.855135e-08   1.837079e-05   2.485089e-03   2.622153e-01   4.909391e-01   2.263571e-01   1.740764e-02   5.724835e-04   4.944980e-06   8.667328e-09   2.156494e-12   1.354964e-15   1.378379e-34   3.489266e-55
         6.0000   1.013275e-20   1.547140e-15   1.223632e-11   1.590390e-08   7.470058e-06   1.315837e-03   1.536702e-01   4.496576e-01   3.426299e-01   4.942768e-02   3.228693e-03   6.231276e-05   2.866926e-07   2.169948e-10   4.245838e-13   4.886660e-30   1.969433e-48
         6.0500   1.738431e-21   3.194204e-16   2.983191e-12   4.756548e-09   2.753529e-06   6.237285e-04   8.132811e-02   3.596431e-01   4.338453e-01   1.106299e-01   1.338856e-02   5.325333e-04   5.889567e-06   1.219193e-08   6.663934e-11   5.283091e-26   1.980464e-42
         6.1000   2.741762e-22   6.049290e-17   6.653450e-13   1.294862e-09   9.178314e-07   2.643447e-04   3.881630e-02   2.521448e-01   4.644735e-01   1.989781e-01   4.203350e-02   3.209306e-03   7.884416e-05   4.056422e-07   5.621720e-09   1.972783e-22   4.260993e-37
         6.1500   3.939912e-23   1.041508e-17   1.345691e-13   3.181326e-10   2.744807e-07   9.948708e-05   1.658717e-02   1.544933e-01   4.216045e-01   2.905877e-01   1.018702e-01   1.403503e-02   7.137580e-04   8.378066e-06   2.700305e-07   2.828211e-19   2.296953e-32
         6.2000   5.091392e-24   1.608882e-18   2.436410e-14   6.965118e-11   7.275394e-08   3.288041e-05   6.272159e-03   8.204111e-02   3.233186e-01   3.456300e-01   1.926808e-01   4.541533e-02   4.489826e-03   1.114425e-04   7.733640e-06   1.701474e-16   3.552382e-28
         6.2500   5.835236e-25   2.199162e-19   3.895048e-15   1.340732e-11   1.687229e-08   9.428733e-06   2.072187e-03   3.738460e-02   2.082223e-01   3.346699e-01   2.862177e-01   1.102611e-01   2.004175e-02   9.837833e-04   1.372154e-04   4.636900e-14   1.773435e-24
         6.3000   5.852385e-26   2.624477e-20   5.426172e-16   2.239824e-12   3.380889e-09   2.318673e-06   5.907799e-04   1.447041e-02   1.118373e-01   2.632076e-01   3.350150e-01   2.028706e-01   6.454082e-02   5.907934e-03   1.557297e-03   6.114946e-12   3.167733e-21
         6.3500   5.049499e-27   2.688313e-21   6.476894e-17   3.193900e-13   5.759579e-10   4.814836e-07   1.430156e-04   4.689913e-03   4.951371e-02   1.668138e-01   3.079866e-01   2.835765e-01   1.512000e-01   2.451870e-02   1.155731e-02   4.111761e-10   2.204542e-18
         6.4000   3.639283e-28   2.295088e-22   6.433312e-18   3.776312e-14   8.106404e-11   8.210018e-08   2.856685e-05   1.238679e-03   1.762374e-02   8.335442e-02   2.184055e-01   2.971956e-01   2.556387e-01   7.021655e-02   5.629820e-02   1.453560e-08   6.346885e-16
         6.4500   2.105799e-29   1.569677e-23   5.111788e-19   3.559833e-15   9.067268e-12   1.106424e-08   4.528583e-06   2.567486e-04   4.865399e-03   3.176215e-02   1.159137e-01   2.274936e-01   3.052755e-01   1.365545e-01   1.778737e-01   2.733717e-07   7.851814e-14
         6.5000   9.747161e-31   8.569866e-25   3.238209e-20   2.667033e-16   8.037139e-13   1.175747e-09   5.680706e-07   4.168628e-05   1.041351e-03   9.244625e-03   4.623460e-02   1.281546e-01   2.604749e-01   1.832871e-01   3.715178e-01   2.846688e-06   4.446419e-12
         6.5500   3.899110e-32   4.035487e-26   1.767236e-21   1.716423e-17   6.103730e-14   1.065675e-10   6.095620e-08   5.736474e-06   1.871899e-04   2.230242e-03   1.507146e-02   5.793523e-02   1.737546e-01   1.864895e-01   5.643076e-01   1.838870e-05   1.318415e-10
         6.6000   1.505413e-33   1.830616e-27   9.281450e-23   1.060195e-18   4.438608e-15   9.211564e-12   6.252241e-09   7.482280e-07   3.163504e-05   4.999146e-04   4.508625e-03   2.365614e-02   1.022825e-01   1.628512e-01   7.060845e-01   8.480743e-05   2.399777e-09
         6.6500   6.074438e-35   8.663281e-29   5.080695e-24   6.808600e-20   3.348966e-16   8.231257e-13   6.641174e-10   1.002887e-07   5.453744e-06   1.130986e-04   1.346437e-03   9.508688e-03   5.804751e-02   1.336618e-01   7.970068e-01   3.100709e-04   3.026856e-08
         6.7000   2.666478e-36   4.452685e-30   3.018088e-25   4.734171e-21   2.730804e-17   7.922864e-14   7.608197e-11   1.439481e-08   1.000123e-06   2.695496e-05   4.194615e-04   3.937982e-03   3.330759e-02   1.083404e-01   8.530101e-01   9.561704e-04   2.856202e-07
         6.7500   1.292763e-37   2.523679e-31   1.975612e-26   3.619825e-22   2.444668e-18   8.347506e-15   9.548036e-12   2.248577e-09   1.983758e-07   6.886957e-06   1.388579e-04   1.713897e-03   1.974112e-02   8.873866e-02   8.870818e-01   2.576490e-03   2.116453e-06
         6.8000   6.932823e-39   1.579901e-32   1.427516e-27   3.049423e-23   2.407742e-19   9.650043e-16   1.315190e-12   3.832010e-10   4.268356e-08   1.893089e-06   4.905894e-05   7.881856e-04   1.216856e-02   7.405353e-02   9.067270e-01   6.198964e-03   1.273158e-05
         6.8500   4.087617e-40   1.085971e-33   1.131914e-28   2.814190e-24   2.594500e-20   1.217614e-16   1.977142e-13   7.087611e-11   9.914282e-09   5.574513e-07   1.843159e-05   3.819722e-04   7.789050e-03   6.295208e-02   9.152839e-01   1.351029e-02   6.373321e-05
         6.9000   2.622019e-41   8.111183e-35   9.747997e-30   2.816321e-25   3.028348e-21   1.660576e-17   3.211150e-14   1.409014e-11   2.462662e-09   1.742856e-07   7.302507e-06   1.935964e-04   5.143619e-03   5.423388e-02   9.132040e-01   2.694671e-02   2.707095e-04
         6.9500   1.806104e-42   6.498459e-36   9.001132e-31   3.017742e-26   3.780978e-22   2.417751e-18   5.563452e-15   2.973969e-12   6.463361e-10   5.718577e-08   3.017177e-06   1.015460e-04   3.471002e-03   4.697195e-02   8.989167e-01   4.954483e-02   9.908655e-04
         7.0000   1.316812e-43   5.505221e-37   8.785419e-32   3.413648e-27   4.979307e-23   3.706605e-19   1.013833e-15   6.573619e-13   1.768267e-10   1.943472e-08   1.283544e-06   5.445395e-05   2.366747e-03   4.050568e-02   8.695396e-01   8.436911e-02   3.163074e-03
         7.0500   1.000854e-44   4.857479e-38   8.928290e-33   4.016127e-28   6.814968e-24   5.896541e-20   1.914498e-16   1.499687e-13   4.970790e-11   6.745848e-09   5.545612e-07   2.946119e-05   1.610682e-03   3.440916e-02   8.217169e-01   1.333506e-01   8.882585e-03
         7.1000   7.806507e-46   4.394734e-39   9.301420e-34   4.838784e-29   9.545991e-25   9.586938e-21   3.689058e-17   3.478345e-14   1.414491e-11   2.356742e-09   2.398773e-07   1.585898e-05   1.079859e-03   2.846932e-02   7.528258e-01   1.955477e-01   2.206120e-02
         7.1500   6.150550e-47   4.013363e-40   9.778971e-35   5.878177e-30   1.347464e-25   1.568799e-21   7.141788e-18   8.078173e-15   4.013455e-12   8.165517e-10   1.023800e-07   8.374258e-06   7.037898e-04   2.267494e-02   6.626862e-01   2.653462e-01   4.858041e-02
         7.2000   4.823048e-48   3.645461e-41   1.022424e-35   7.095830e-31   1.889140e-26   2.547019e-22   1.369094e-18   1.852039e-15   1.119586e-12   2.767297e-10   4.253313e-08   4.280576e-06   4.403911e-04   1.719640e-02   5.554406e-01   3.319788e-01   9.493949e-02
         7.2500   3.721057e-49   3.255989e-42   1.050987e-36   8.415768e-32   2.601176e-27   4.057300e-23   2.569829e-19   4.145804e-16   3.037321e-13   9.076611e-11   1.702187e-08   2.096775e-06   2.621227e-04   1.231954e-02   4.403151e-01   3.821301e-01   1.649710e-01
         7.3000   2.808588e-50   2.843603e-43   1.056271e-37   9.752942e-33   3.498513e-28   6.307864e-24   4.697650e-20   9.014835e-17   7.973230e-14   2.867632e-11   6.532387e-09   9.800068e-07   1.478747e-04   8.317461e-03   3.296003e-01   4.055716e-01   2.563618e-01
         7.3500   2.077114e-51   2.432265e-44   1.039629e-38   1.106310e-33   4.604465e-29   9.589303e-25   8.378333e-21   1.908058e-17   2.029702e-14   8.748132e-12   2.410233e-09   4.383120e-07   7.935020e-05   5.316366e-03   2.341415e-01   4.001365e-01   3.603258e-01
         7.4000   1.516537e-52   2.053064e-45   1.009746e-39   1.237813e-34   5.976093e-30   1.436658e-25   1.469351e-21   3.962716e-18   5.051488e-15   2.598655e-12   8.623703e-10   1.892545e-07   4.088501e-05   3.250430e-03   1.595103e-01   3.717939e-01   4.654044e-01
         7.4500   1.104524e-53   1.728123e-46   9.779533e-41   1.380512e-35   7.730172e-31   2.143927e-26   2.561024e-22   8.163506e-19   1.242699e-15   7.601608e-13   3.026457e-10   7.981411e-08   2.047591e-05   1.925669e-03   1.055705e-01   3.302863e-01   5.621969e-01
         7.5000   8.106432e-55   1.465380e-47   9.541782e-42   1.550569e-36   1.006866e-31   3.220097e-27   4.482755e-23   1.685949e-19   3.054447e-16   2.213889e-13   1.053484e-10   3.325311e-08   1.008667e-05   1.119325e-03   6.872718e-02   2.845212e-01   6.456222e-01
         7.5500   6.044061e-56   1.261998e-48   9.455510e-43   1.768358e-37   1.331511e-32   4.908408e-28   7.946045e-24   3.520464e-20   7.566346e-17   6.476989e-14   3.670505e-11   1.381517e-08   4.935386e-06   6.449339e-04   4.445706e-02   2.404320e-01   7.144611e-01
         7.6000   4.603422e-57   1.110004e-49   9.570114e-44   2.059355e-38   1.797946e-33   7.637001e-29   1.434690e-24   7.477153e-21   1.900581e-17   1.915667e-14   1.288460e-11   5.762278e-09   2.415884e-06   3.711411e-04   2.878663e-02   2.010267e-01   7.698131e-01
         7.6500   3.593425e-58   1.000426e-50   9.925918e-45   2.457186e-39   2.487398e-34   1.217080e-29   2.647922e-25   1.621264e-21   4.859631e-18   5.751300e-15   4.576292e-12   2.423794e-09   1.188815e-06   2.144196e-04   1.875171e-02   1.673010e-01   8.137316e-01
         7.7000   2.879244e-59   9.253760e-52   1.056651e-45   3.008802e-40   3.531557e-35   1.990071e-30   5.004640e-26   3.595745e-22   1.267492e-18   1.756771e-15   1.648699e-12   1.030968e-09   5.898702e-07   1.247729e-04   1.232666e-02   1.391405e-01   8.484075e-01
         7.7500   2.368775e-60   8.787581e-53   1.154916e-46   3.782373e-41   5.147742e-36   3.340188e-31   9.691814e-27   8.162764e-23   3.375060e-19   5.465474e-16   6.032510e-13   4.441029e-10   2.956416e-07   7.327508e-05   8.191864e-03   1.159363e-01   8.757983e-01
         7.8000   1.999963e-61   8.562990e-54   1.295451e-47   4.879296e-42   7.700413e-37   5.752580e-32   1.922591e-27   1.896403e-23   9.175272e-20   1.732198e-16   2.242646e-13   1.938573e-10   1.498039e-07   4.347348e-05   5.508562e-03   9.693134e-02   8.975165e-01
         7.8500   1.731102e-62   8.553518e-55   1.489725e-48   6.452799e-43   1.180981e-37   1.015658e-32   3.903651e-28   4.505728e-24   2.545238e-20   5.590841e-17   8.469646e-14   8.575697e-11   7.676387e-08   2.606809e-05   3.749179e-03   8.138898e-02   9.148357e-01
         7.9000   1.534038e-63   8.746717e-56   1.753996e-49   8.737167e-44   1.854579e-38   1.836044e-33   8.103385e-29   1.093676e-24   7.198339e-21   1.836394e-17   3.247830e-14   3.843405e-11   3.977666e-08   1.579858e-05   2.582438e-03   6.866045e-02   9.287413e-01
         7.9500   1.389607e-64   9.142456e-57   2.111201e-50   1.209415e-44   2.977687e-39   3.393463e-34   1.717501e-29   2.708700e-25   2.073305e-21   6.132936e-18   1.263659e-14   1.744190e-11   2.083485e-08   9.674806e-06   1.799544e-03   5.820264e-02   9.399881e-01
         8.0000   1.284634e-65   9.751992e-58   2.593627e-51   1.708717e-45   4.880431e-40   6.402587e-35   3.711426e-30   6.835851e-26   6.074391e-22   2.080337e-18   4.984269e-15   8.009605e-12   1.102624e-08   5.984078e-06   1.267965e-03   4.957303e-02   9.491530e-01
         8.0500   1.209969e-66   1.059782e-58   3.246731e-52   2.460061e-46   8.152293e-41   1.231203e-35   8.164995e-31   1.755383e-26   1.808037e-22   7.159468e-19   1.991143e-15   3.719126e-12   5.892230e-09   3.736370e-06   9.028067e-04   4.241629e-02   9.566772e-01
         8.1000   1.159190e-67   1.171429e-59   4.134586e-53   3.603260e-47   1.385612e-41   2.409214e-36   1.825993e-31   4.580176e-27   5.460424e-23   2.496987e-19   8.048424e-16   1.744759e-12   3.177328e-09   2.353624e-06   6.491270e-04   3.644922e-02   9.628993e-01
         8.1500   1.127757e-68   1.314891e-60   5.347679e-54   5.360752e-48   2.392516e-42   4.789760e-37   4.145115e-32   1.212592e-27   1.671139e-23   8.815491e-20   3.288526e-16   8.263017e-13   1.727727e-09   1.494783e-06   4.709815e-04   3.144673e-02   9.680808e-01
         8.2000   1.112433e-69   1.496436e-61   7.014056e-55   8.088435e-49   4.190360e-43   9.660201e-38   9.537899e-33   3.252938e-28   5.176441e-24   3.146920e-20   1.356912e-16   3.947240e-13   9.467021e-10   9.564983e-07   3.445915e-04   2.722996e-02   9.724245e-01
         8.2500   1.110906e-70   1.724137e-62   9.315267e-56   1.235856e-49   7.433445e-44   1.973605e-38   2.221546e-33   8.830672e-29   1.620935e-24   1.134649e-20   5.648718e-17   1.900412e-13   5.223626e-10   6.162605e-07   2.540506e-04   2.365648e-02   9.760889e-01
         8.3000   1.121516e-71   2.008224e-63   1.250912e-56   1.909513e-50   1.333709e-44   4.078809e-39   5.230941e-34   2.422826e-29   5.125308e-25   4.127812e-21   2.370267e-17   9.214218e-14   2.900354e-10   3.995128e-07   1.886014e-04   2.061257e-02   9.791984e-01
         8.3500   1.143071e-72   2.361545e-64   1.696219e-57   2.979545e-51   2.417059e-45   8.515997e-40   1.243630e-34   6.710316e-30   1.634645e-25   1.513654e-21   1.001640e-17   4.495667e-14   1.619413e-10   2.604363e-07   1.408904e-04   1.800707e-02   9.818518e-01
         8.4000   1.174712e-73   2.800122e-65   2.319604e-58   4.689278e-52   4.419028e-46   1.794033e-40   2.981851e-35   1.873991e-30   5.253287e-26   5.589472e-22   4.259211e-18   2.205655e-14   9.086790e-11   1.706101e-07   1.058385e-04   1.576659e-02   9.841274e-01
         8.4500   1.215820e-74   3.343830e-66   3.195312e-59   7.435035e-53   8.140913e-47   3.809052e-41   7.202662e-36   5.271548e-31   1.699516e-26   2.076659e-22   1.820985e-18   1.087396e-14   5.120826e-11   1.122482e-07   7.990228e-05   1.383179e-02   9.860882e-01
         8.5000   1.265937e-75   4.017213e-67   4.429013e-60   1.186342e-53   1.509580e-47   8.141965e-42   1.750953e-36   1.492207e-31   5.529883e-27   7.756181e-23   7.822058e-19   5.383440e-15   2.896616e-11   7.412725e-08   6.058550e-05   1.215441e-02   9.877849e-01
         8.5500   1.324717e-76   4.850458e-68   6.171045e-61   1.903054e-54   2.814756e-48   1.750396e-42   4.279807e-37   4.246639e-32   1.808179e-27   2.909927e-23   3.373432e-19   2.674778e-15   1.643701e-11   4.910956e-08   4.611360e-05   1.069502e-02   9.892588e-01
         8.6000   1.391878e-77   5.880545e-69   8.635107e-62   3.066245e-55   5.272634e-49   3.781304e-43   1.050919e-37   1.214013e-32   5.937006e-28   1.095863e-23   1.459756e-19   1.332979e-15   9.352142e-12   3.262308e-08   3.521377e-05   9.421240e-03   9.905435e-01
         8.6500   1.467171e-78   7.152602e-70   1.212462e-62   4.958062e-56   9.914051e-50   8.201290e-44   2.590400e-38   3.483612e-33   1.956085e-28   4.139843e-24   6.334155e-20   6.659416e-16   5.332695e-12   2.171957e-08   2.696543e-05   8.306311e-03   9.916667e-01
         8.7000   1.550349e-79   8.721490e-71   1.706977e-63   8.039592e-57   1.869729e-50   1.784544e-44   6.404801e-39   1.002675e-33   6.462812e-29   1.567845e-24   2.754617e-20   3.333614e-16   3.046053e-12   1.448627e-08   2.069751e-05   7.328009e-03   9.926513e-01
         8.7500   1.641149e-80   1.065364e-71   2.407940e-64   1.306390e-57   3.534346e-51   3.892937e-45   1.587460e-39   2.892939e-34   2.140005e-29   5.949431e-25   1.200004e-20   1.671349e-16   1.742234e-12   9.675396e-09   1.591714e-05   6.467765e-03   9.935163e-01
         8.8000   1.739274e-81   1.302920e-72   3.401360e-65   2.125973e-58   6.692237e-52   8.508683e-46   3.941879e-40   8.362142e-35   7.098018e-30   2.260921e-25   5.234300e-21   8.389113e-17   9.974544e-13   6.468894e-09   1.225983e-05   5.709976e-03   9.942778e-01
         8.8500   1.844374e-82   1.594446e-73   4.808473e-66   3.462961e-59   1.268594e-52   1.862257e-46   9.801179e-41   2.420314e-35   2.357122e-30   8.600812e-26   2.285142e-21   4.214082e-17   5.714153e-13   4.328107e-09   9.454249e-06   5.041450e-03   9.949491e-01
         8.9000   1.956044e-83   1.951469e-74   6.799786e-67   5.643226e-60   2.406282e-53   4.079374e-47   2.439067e-41   7.011363e-36   7.833656e-31   3.273889e-26   9.981348e-22   2.117802e-17   3.274553e-13   2.896972e-09   7.297240e-06   4.450974e-03   9.955417e-01
         8.9500   2.073812e-84   2.387733e-75   9.614526e-68   9.196175e-61   4.565119e-54   8.939890e-48   6.072372e-42   2.032041e-36   2.604477e-31   1.246537e-26   4.360606e-22   1.064476e-17   1.876621e-13   1.939342e-09   5.635837e-06   3.928962e-03   9.960654e-01
         9.0000   2.197141e-85   2.919567e-76   1.358750e-68   1.498030e-61   8.659064e-55   1.959236e-48   1.511898e-42   5.889870e-37   8.659742e-32   4.745993e-27   1.904857e-22   5.349854e-18   1.075282e-13   1.298153e-09   4.354305e-06   3.467170e-03   9.965285e-01
