# CIE ionization fractions for Mg (Z=12)
# Source: CHIANTI v11.0.2 chianti.ioneq (Dere et al. 2009)
# T grid: 101 log-spaced points, 10^4.00 K -> 10^9.00 K
# Generated by pyathena/photchem/data/build_ioneq_tables.py
#
# log_T_K        x_Mg0          x_Mg1          x_Mg2          x_Mg3          x_Mg4          x_Mg5          x_Mg6          x_Mg7          x_Mg8          x_Mg9          x_Mg10         x_Mg11         x_Mg12       
         4.0000   5.412392e-02   9.456171e-01   2.589288e-04   2.475219e-48  5.156774e-107  8.324029e-183  2.098619e-281   0.000000e+00   0.000000e+00   0.000000e+00   0.000000e+00   0.000000e+00   0.000000e+00
         4.0500   5.760593e-02   9.404312e-01   1.962910e-03   2.980164e-42   3.907167e-94  2.412645e-161  7.147360e-249   0.000000e+00   0.000000e+00   0.000000e+00   0.000000e+00   0.000000e+00   0.000000e+00
         4.1000   5.646877e-02   9.321124e-01   1.141881e-02   7.617045e-37   1.161118e-82  3.284290e-142  7.323386e-220  3.636891e-313   0.000000e+00   0.000000e+00   0.000000e+00   0.000000e+00   0.000000e+00
         4.1500   4.955751e-02   8.987356e-01   5.170692e-02   4.819684e-32   1.897021e-72  3.704591e-125  5.363267e-194  8.003917e-277   0.000000e+00   0.000000e+00   0.000000e+00   0.000000e+00   0.000000e+00
         4.2000   3.611453e-02   7.781296e-01   1.857559e-01   8.712282e-28   2.315396e-63  5.770051e-110  6.089986e-171  2.017854e-244   0.000000e+00   0.000000e+00   0.000000e+00   0.000000e+00   0.000000e+00
         4.2500   1.896376e-02   5.177969e-01   4.632393e-01   4.401218e-24   2.389139e-55   1.681449e-96  1.832760e-150  1.311479e-215  1.513570e-292   0.000000e+00   0.000000e+00   0.000000e+00   0.000000e+00
         4.3000   6.856087e-03   2.484318e-01   7.447121e-01   6.364149e-21   2.423545e-48   1.242653e-84  2.417044e-132  4.588595e-190  2.620112e-258   0.000000e+00   0.000000e+00   0.000000e+00   0.000000e+00
         4.3500   2.018525e-03   9.985566e-02   8.981258e-01   3.346745e-18   3.433285e-42   3.756652e-74  2.663309e-116  2.002225e-167  6.251135e-228  9.658466e-303   0.000000e+00   0.000000e+00   0.000000e+00
         4.4000   5.751081e-04   3.940025e-02   9.600246e-01   8.167541e-16   9.539258e-37   7.214298e-65  4.376916e-102  2.296048e-147  5.264701e-201  1.948119e-267   0.000000e+00   0.000000e+00   0.000000e+00
         4.4500   1.714665e-04   1.634220e-02   9.834863e-01   1.069584e-13   6.526321e-32   1.205036e-56   1.668340e-89  1.267116e-129  3.408962e-177  3.316328e-236  1.345050e-302  5.714363e-320   0.000000e+00
         4.5000   5.481866e-05   7.256860e-03   9.926883e-01   8.421925e-12   1.357246e-27   2.380457e-49   2.296881e-78  6.273905e-114  3.810151e-156  1.345258e-208  1.391148e-267   0.000000e+00   0.000000e+00
         4.5500   1.887506e-05   3.452763e-03   9.965284e-01   4.248785e-10   9.737357e-24   7.082161e-43   1.682535e-68  4.929967e-100  1.594393e-137  3.577142e-184  1.370781e-236   0.000000e+00   0.000000e+00
         4.6000   6.982154e-06   1.752682e-03   9.982403e-01   1.391649e-08   2.522460e-20   3.737592e-37   8.882983e-60   9.800559e-88  4.841035e-121  1.510466e-162  3.893573e-209   0.000000e+00   0.000000e+00
         4.6500   2.762423e-06   9.442730e-04   9.990527e-01   3.078664e-07   2.616568e-17   4.299949e-32   4.690093e-52   7.825317e-77  2.000524e-106  2.303707e-143  8.918061e-185   0.000000e+00   0.000000e+00
         4.7000   1.164087e-06   5.376839e-04   9.994564e-01   4.752364e-06   1.190282e-14   1.279736e-27   3.245730e-45   3.668291e-67   1.884610e-93  2.498461e-126  3.890947e-163   0.000000e+00   0.000000e+00
         4.7500   5.214821e-07   3.231028e-04   9.996238e-01   5.257176e-05   2.561933e-12   1.130961e-23   3.664109e-39   1.374878e-58   6.168783e-82  3.368691e-111  6.615263e-144  9.531839e-303   0.000000e+00
         4.8000   2.489309e-07   2.055429e-04   9.993689e-01   4.253293e-04   2.773817e-10   3.316513e-20   8.060678e-34   5.312675e-51   9.950934e-72   9.017962e-98  8.011870e-127  2.007648e-268   0.000000e+00
         4.8500   1.276261e-07   1.396772e-04   9.973068e-01   2.553399e-03   1.591082e-08   3.549298e-17   4.020764e-29   2.633163e-44   1.068546e-62   7.183266e-86  1.164191e-111  6.823249e-238   0.000000e+00
         4.9000   7.096982e-08   1.025408e-04   9.883406e-01   1.155628e-02   5.112024e-07   1.526542e-14   5.261476e-25   2.057998e-38   1.009351e-54   2.465916e-75   3.255116e-98  9.613455e-211   0.000000e+00
         4.9500   4.276444e-08   8.140149e-05   9.596768e-01   4.023196e-02   9.796738e-06   2.923207e-12   2.093238e-21   3.109326e-33   1.096351e-47   5.171716e-66   2.715245e-86  1.323467e-186  8.495725e-299
         5.0000   2.716537e-08   6.813874e-05   8.900487e-01   1.097642e-01   1.189575e-04   2.749265e-10   2.913792e-18   1.101080e-28   1.758754e-41   9.144065e-58   1.009117e-75  3.859635e-165  3.327684e-265
         5.0500   1.839775e-08   5.705663e-05   7.619287e-01   2.370552e-01   9.589764e-04   1.377356e-08   1.602026e-15   1.082204e-24   5.197078e-36   1.811336e-50   2.381647e-66  4.735800e-146  2.667347e-235
         5.1000   1.182611e-08   4.517322e-05   5.856958e-01   4.089230e-01   5.335653e-03   3.938472e-07   3.868686e-13   3.426891e-21   3.440772e-31   5.171520e-44   4.886646e-58  4.497703e-129  1.118573e-208
         5.1500   6.989181e-09   3.274927e-05   4.024334e-01   5.760816e-01   2.144530e-02   6.902276e-06   4.556417e-11   4.032024e-18   6.137242e-27   2.689113e-38   1.163969e-50  5.744750e-114  5.716861e-185
         5.2000   3.771010e-09   2.158588e-05   2.503591e-01   6.840923e-01   6.544740e-02   7.960583e-05   2.894043e-09   2.014433e-15   3.498472e-23   3.156271e-33   4.189933e-44  1.624191e-100  7.610559e-164
         5.2500   1.851062e-09   1.289057e-05   1.422389e-01   6.998573e-01   1.572532e-01   6.375934e-04   1.072697e-07   4.758244e-13   7.334761e-20   1.000368e-28   2.848649e-38   1.565619e-88  5.130231e-145
         5.3000   8.179005e-10   6.901123e-06   7.349604e-02   6.202233e-01   3.026112e-01   3.660131e-03   2.445859e-06   5.741016e-11   6.290833e-17   9.855076e-25   4.377598e-33   7.418225e-78  3.106659e-128
         5.3500   3.230515e-10   3.289534e-06   3.439794e-02   4.776811e-01   4.724439e-01   1.543794e-02   3.579451e-05   3.770977e-09   2.413102e-14   3.400618e-21   1.773918e-28   2.379536e-68  2.800201e-113
         5.4000   1.148236e-10   1.405670e-06   1.469395e-02   3.240522e-01   6.115161e-01   4.938396e-02   3.521975e-04   1.438668e-07   4.516573e-12   4.605555e-18   2.190628e-24   6.923625e-60  5.935358e-100
         5.4500   3.711533e-11   5.442802e-07   5.792346e-03   1.967078e-01   6.714225e-01   1.236390e-01   2.434417e-03   3.384121e-06   4.465621e-10   2.713497e-15   9.392467e-21   2.375236e-52   4.453664e-88
         5.5000   1.091359e-11   1.910571e-07   2.107071e-03   1.072740e-01   6.317797e-01   2.466252e-01   1.216256e-02   5.119905e-05   2.475114e-08   7.534961e-13   1.552341e-17   1.199632e-45   1.683713e-77
         5.5500   2.889105e-12   6.018293e-08   6.994023e-04   5.214681e-02   5.083159e-01   3.937768e-01   4.454877e-02   5.114171e-04   8.012918e-07   1.046281e-10   1.072452e-14   1.074013e-39   4.339088e-68
         5.6000   6.812198e-13   1.683355e-08   2.093515e-04   2.239569e-02   3.483470e-01   5.045853e-01   1.209991e-01   3.447858e-03   1.569146e-05   7.644043e-09   3.322701e-12   2.007485e-34   9.961173e-60
         5.6500   1.426213e-13   4.168574e-09   5.626442e-05   8.481789e-03   2.038452e-01   5.234364e-01   2.478770e-01   1.610999e-02   1.930514e-04   3.094774e-07   4.947324e-10   9.122835e-30   2.602473e-52
         5.7000   2.665369e-14   9.189276e-10   1.363211e-05   2.850242e-03   1.028860e-01   4.465964e-01   3.922011e-01   5.388795e-02   1.557232e-03   7.336290e-06   3.798636e-08   1.164767e-25   9.711283e-46
         5.7500   4.489599e-15   1.821069e-10   3.002271e-06   8.584611e-04   4.539646e-02   3.193699e-01   4.921019e-01   1.335589e-01   8.602259e-03   1.075480e-04   1.610537e-06   4.779367e-22   6.372734e-40
         5.8000   6.863268e-16   3.267344e-11   6.041956e-07   2.333151e-04   1.768175e-02   1.942838e-01   5.004087e-01   2.525461e-01   3.378314e-02   1.022483e-03   4.002822e-05   7.096665e-19   8.841844e-35
         5.8500   9.506106e-17   5.299520e-12   1.108110e-07   5.714004e-05   6.086802e-03   1.011253e-01   4.174163e-01   3.713227e-01   9.684671e-02   6.533868e-03   6.110572e-04   4.210570e-16   3.036400e-30
         5.9000   1.179073e-17   7.681375e-13   1.829271e-08   1.246816e-05   1.835186e-03   4.481130e-02   2.857980e-01   4.274796e-01   2.054485e-01   2.869871e-02   5.916307e-03   1.080109e-13   2.941927e-26
         5.9500   1.273321e-18   9.675227e-14   2.641159e-09   2.357600e-06   4.722248e-04   1.653115e-02   1.578416e-01   3.808380e-01   3.207182e-01   8.685919e-02   3.673729e-02   1.262884e-11   8.880797e-23
         6.0000   1.135026e-19   1.004099e-14   3.156896e-10   3.659333e-07   9.838593e-05   4.831326e-03   6.719697e-02   2.522206e-01   3.558823e-01   1.762957e-01   1.434743e-01   6.849745e-10   8.859969e-20
         6.0500   8.006739e-21   8.232875e-16   2.990827e-11   4.466733e-08   1.592231e-05   1.075981e-03   2.128757e-02   1.204236e-01   2.735799e-01   2.354763e-01   3.481407e-01   1.759782e-08   3.094892e-17
         6.1000   4.726775e-22   5.640452e-17   2.373909e-12   4.534790e-09   2.119328e-06   1.937948e-04   5.341790e-03   4.429794e-02   1.564146e-01   2.235791e-01   5.701704e-01   2.395724e-07   4.376077e-15
         6.1500   2.654028e-23   3.670125e-18   1.793544e-13   4.352652e-10   2.640054e-07   3.218288e-05   1.213634e-03   1.439890e-02   7.659157e-02   1.747255e-01   7.330359e-01   2.063091e-06   3.078797e-13
         6.2000   1.565742e-24   2.505741e-19   1.424496e-14   4.364182e-11   3.403867e-08   5.458742e-06   2.771455e-04   4.604636e-03   3.589225e-02   1.261756e-01   8.330320e-01   1.294807e-05   1.274597e-11
         6.2500   1.019115e-25   1.885090e-20   1.248165e-15   4.798787e-12   4.772368e-09   9.949743e-07   6.705046e-05   1.530899e-03   1.706336e-02   8.960741e-02   8.916659e-01   6.438108e-05   3.454826e-10
         6.3000   7.465887e-27   1.594298e-21   1.229222e-16   5.897304e-13   7.419770e-10   1.989741e-07   1.757320e-05   5.422634e-04   8.456346e-03   6.451879e-02   9.261990e-01   2.658200e-04   6.560798e-09
         6.3500   6.195669e-28   1.525729e-22   1.368281e-17   8.147471e-14   1.287476e-10   4.398263e-08   5.033400e-06   2.068253e-04   4.425870e-03   4.784000e-02   9.465846e-01   9.375665e-04   9.147424e-08
         6.4000   5.826241e-29   1.652849e-23   1.721262e-18   1.265598e-14   2.494908e-11   1.076243e-08   1.579661e-06   8.529938e-05   2.461517e-03   3.683057e-02   9.577425e-01   2.877562e-03   9.696803e-07
         6.4500   6.178576e-30   2.017317e-24   2.435047e-19   2.200135e-15   5.376773e-12   2.905435e-09   5.418844e-07   3.800087e-05   1.455649e-03   2.950343e-02   9.612117e-01   7.782624e-03   8.031385e-06
         6.5000   7.310265e-31   2.744599e-25   3.834928e-20   4.238257e-16   1.276514e-12   8.577696e-10   2.015671e-07   1.816325e-05   9.103109e-04   2.448806e-02   9.558209e-01   1.870925e-02   5.311460e-05
         6.5500   9.502052e-32   4.099003e-26   6.625702e-21   8.917368e-17   3.291867e-13   2.732309e-10   8.026840e-08   9.204308e-06   5.955946e-04   2.085479e-02   9.380463e-01   4.020865e-02   2.854057e-04
         6.6000   1.328434e-32   6.579701e-27   1.230157e-21   2.007800e-17   9.037431e-14   9.209127e-11   3.358313e-08   4.857513e-06   4.008832e-04   1.794402e-02   9.028433e-01   7.754308e-02   1.263781e-03
         6.6500   1.954411e-33   1.110738e-27   2.400767e-22   4.732950e-18   2.584901e-14   3.215507e-11   1.446092e-08   2.617093e-06   2.723768e-04   1.532601e-02   8.452272e-01   1.345065e-01   4.665225e-03
         6.7000   2.965696e-34   1.932904e-28   4.823259e-23   1.144163e-18   7.547080e-15   1.140102e-11   6.284983e-09   1.412597e-06   1.834934e-04   1.277737e-02   7.624315e-01   2.101128e-01   1.449344e-02
         6.7500   4.544193e-35   3.394837e-29   9.761006e-24   2.776027e-19   2.202042e-15   4.020346e-12   2.701763e-09   7.490857e-07   1.202963e-04   1.022402e-02   6.559030e-01   2.955791e-01   3.817287e-02
         6.8000   6.864741e-36   5.876071e-30   1.942267e-24   6.599258e-20   6.269930e-16   1.377386e-12   1.122764e-09   3.817349e-07   7.513128e-05   7.708205e-03   5.324990e-01   3.740238e-01   8.569345e-02
         6.8500   1.011235e-36   9.914428e-31   3.758103e-25   1.520366e-20   1.723582e-16   4.536974e-13   4.464507e-10   1.850786e-07   4.429206e-05   5.428151e-03   4.043506e-01   4.253881e-01   1.647887e-01
         6.9000   1.438702e-37   1.615177e-31   7.005344e-26   3.363616e-21   4.533750e-17   1.424448e-13   1.684589e-10   8.470451e-08   2.447415e-05   3.551561e-03   2.862296e-01   4.363745e-01   2.738198e-01
         6.9500   1.977362e-38   2.541422e-32   1.258870e-26   7.152058e-22   1.142376e-17   4.268819e-14   6.042703e-11   3.667699e-08   1.271409e-05   2.169107e-03   1.899716e-01   4.083711e-01   3.994754e-01
         7.0000   2.630673e-39   3.870187e-33   2.185962e-27   1.465264e-22   2.764971e-18   1.224953e-14   2.068147e-11   1.509360e-08   6.242426e-06   1.247892e-03   1.199228e-01   3.552678e-01   5.235552e-01
         7.0500   3.465020e-40   5.834491e-34   3.752736e-28   2.959845e-23   6.578923e-19   3.444776e-15   6.912137e-12   6.040206e-09   2.965845e-06   6.915827e-04   7.332641e-02   2.936555e-01   6.323235e-01
         7.1000   4.586326e-41   8.838427e-35   6.466611e-29   5.986091e-24   1.562940e-19   9.644079e-16   2.292206e-12   2.389026e-09   1.386683e-06   3.758452e-04   4.417121e-02   2.352495e-01   7.202020e-01
         7.1500   6.166041e-42   1.359975e-35   1.130808e-29   1.225651e-24   3.749426e-20   2.719041e-16   7.631271e-13   9.451555e-10   6.460348e-07   2.029719e-04   2.655684e-02   1.854673e-01   7.877722e-01
         7.2000   8.477572e-43   2.140088e-36   2.020881e-30   2.558886e-25   9.149848e-21   7.778618e-17   2.570438e-13   3.770206e-10   3.024403e-07   1.099133e-04   1.607395e-02   1.454154e-01   8.384005e-01
         7.2500   1.189118e-43   3.436052e-37   3.683026e-31   5.436537e-26   2.267567e-21   2.255196e-17   8.754188e-14   1.516682e-10   1.423592e-07   5.984292e-05   9.844727e-03   1.141395e-01   8.759558e-01
         7.3000   1.706011e-44   5.643463e-38   6.863943e-32   1.178772e-26   5.723384e-22   6.645291e-18   3.023009e-14   6.169682e-11   6.757923e-08   3.285471e-05   6.117570e-03   9.004069e-02   9.038088e-01
         7.3500   2.515675e-45   9.528344e-39   1.314572e-32   2.621589e-27   1.478914e-22   2.000717e-18   1.064168e-14   2.551420e-11   3.253620e-08   1.827512e-05   3.861186e-03   7.153744e-02   9.245831e-01
         7.4000   3.811207e-46   1.653131e-39   2.585507e-33   5.977034e-28   3.910662e-23   6.152812e-19   3.818315e-15   1.072698e-11   1.589197e-08   1.030419e-05   2.475605e-03   5.729856e-02   9.402155e-01
         7.4500   5.926941e-47   2.944778e-40   5.216500e-34   1.395601e-28   1.057303e-23   1.931316e-19   1.395610e-15   4.583204e-12   7.873187e-09   5.888723e-06   1.611638e-03   4.627989e-02   9.521026e-01
         7.5000   9.450339e-48   5.379637e-41   1.078223e-34   3.333189e-29   2.919497e-24   6.181465e-20   5.191739e-16   1.988650e-12   3.954224e-09   3.409525e-06   1.064508e-03   3.768959e-02   9.612425e-01
         7.5500   1.542953e-48   1.006604e-41   2.280026e-35   8.132624e-30   8.223755e-25   2.015241e-20   1.963863e-16   8.756055e-13   2.012058e-09   1.998839e-06   7.127280e-04   3.093633e-02   9.683489e-01
         7.6000   2.575811e-49   1.926402e-42   4.925528e-36   2.024393e-30   2.360227e-25   6.684529e-21   7.546039e-17   3.908806e-13   1.036511e-09   1.185681e-06   4.832378e-04   2.558083e-02   9.739347e-01
         7.6500   4.364651e-50   3.743213e-43   1.079286e-36   5.104818e-31   6.854460e-26   2.241211e-21   2.927683e-17   1.759855e-13   5.378096e-10   7.091135e-07   3.314520e-04   2.129664e-02   9.783712e-01
         7.7000   7.521604e-51   7.399646e-44   2.403868e-37   1.306904e-31   2.018641e-26   7.610912e-22   1.148901e-17   8.002177e-14   2.814856e-10   4.277933e-07   2.297574e-04   1.784020e-02   9.819296e-01
         7.7500   1.319123e-51   1.489163e-44   5.446586e-38   3.399926e-32   6.034333e-27   2.620465e-22   4.565344e-18   3.678964e-14   1.487959e-10   2.605185e-07   1.608003e-04   1.502871e-02   9.848102e-01
         7.8000   2.351020e-52   3.046689e-45   1.253760e-38   8.976924e-33   1.828884e-27   9.137703e-23   1.835088e-18   1.708552e-14   7.937240e-11   1.600199e-07   1.135192e-04   1.272404e-02   9.871623e-01
         7.8500   4.252482e-53   6.328400e-46   2.928520e-39   2.402796e-33   5.613821e-28   3.223798e-23   7.454479e-19   8.008234e-15   4.269173e-11   9.905887e-08   8.076651e-05   1.082100e-02   9.890981e-01
         7.9000   7.796834e-54   1.332971e-46   6.933372e-40   6.513019e-34   1.743481e-28   1.149661e-23   3.057596e-19   3.785370e-15   2.313645e-11   6.175519e-08   5.786347e-05   9.238847e-03   9.907032e-01
         7.9500   1.447462e-54   2.844056e-47   1.662137e-40   1.786120e-34   5.473603e-29   4.140767e-24   1.265344e-19   1.803164e-15   1.262534e-11   3.874509e-08   4.170978e-05   7.915122e-03   9.920431e-01
         8.0000   2.717983e-55   6.140292e-48   4.030781e-41   4.951062e-35   1.735581e-29   1.505024e-24   5.279237e-20   8.649935e-16   6.932661e-12   2.444725e-08   3.022710e-05   6.801111e-03   9.931686e-01
         8.0500   5.157020e-56   1.340111e-48   9.878858e-42   1.386004e-35   5.553572e-30   5.515957e-25   2.218985e-20   4.175921e-16   3.828234e-12   1.550362e-08   2.200691e-05   5.858531e-03   9.941194e-01
         8.1000   9.877549e-57   2.953822e-49   2.444759e-42   3.915133e-36   1.791900e-30   2.037004e-25   9.389894e-21   2.027596e-16   2.124638e-12   9.875513e-09   1.608490e-05   5.057076e-03   9.949268e-01
         8.1500   1.908008e-57   6.569116e-50   6.103624e-43   1.115007e-36   5.825359e-31   7.574098e-26   3.997491e-21   9.895176e-17   1.184396e-12   6.314530e-09   1.179447e-05   4.372573e-03   9.956156e-01
         8.2000   3.713467e-58   1.472654e-50   1.535943e-43   3.198835e-37   1.906572e-31   2.833423e-26   1.710924e-21   4.850656e-17   6.627780e-13   4.050503e-09   8.670702e-06   3.785609e-03   9.962057e-01
         8.2500   7.275175e-59   3.324807e-51   3.892404e-44   9.236932e-38   6.277159e-32   1.065638e-26   7.356785e-22   2.386902e-17   3.720767e-13   2.604947e-09   6.386647e-06   3.280490e-03   9.967131e-01
         8.3000   1.433418e-59   7.552821e-52   9.925197e-45   2.682422e-38   2.077363e-32   4.026285e-27   3.175840e-22   1.178280e-17   2.094231e-13   1.678612e-09   4.710544e-06   2.844443e-03   9.971508e-01
         8.3500   2.835433e-60   1.723392e-52   2.542200e-45   7.821299e-39   6.899621e-33   1.526027e-27   1.374575e-22   5.828321e-18   1.180473e-13   1.082882e-09   3.476930e-06   2.467006e-03   9.975295e-01
         8.4000   5.618901e-61   3.941520e-53   6.527037e-46   2.284998e-39   2.295165e-33   5.790446e-28   5.953449e-23   2.883479e-18   6.651755e-14   6.983077e-10   2.566884e-06   2.139564e-03   9.978579e-01
         8.4500   1.116679e-61   9.045046e-54   1.681644e-46   6.696362e-40   7.655565e-34   2.202168e-28   2.583105e-23   1.428272e-18   3.750752e-14   4.503978e-10   1.894401e-06   1.854970e-03   9.981431e-01
         8.5000   2.223831e-62   2.081037e-54   4.344396e-47   1.967061e-40   2.558650e-34   8.388515e-29   1.122047e-23   7.078905e-19   2.115209e-14   2.903982e-10   1.396929e-06   1.607266e-03   9.983913e-01
         8.5500   4.434477e-63   4.796719e-55   1.124568e-47   5.787876e-41   8.563001e-35   3.198448e-29   4.876556e-24   3.508621e-19   1.192352e-14   1.870755e-10   1.028745e-06   1.391452e-03   9.986075e-01
         8.6000   8.848005e-64   1.106885e-55   2.914809e-48   1.704755e-41   2.867833e-35   1.219989e-29   2.119354e-24   1.738171e-19   6.715103e-15   1.203530e-10   7.562727e-07   1.203305e-03   9.987959e-01
         8.6500   1.765394e-64   2.555568e-56   7.560370e-49   5.023394e-42   9.606293e-36   4.652724e-30   9.205882e-25   8.602624e-20   3.776633e-15   7.729075e-11   5.547604e-07   1.039241e-03   9.989602e-01
         8.7000   3.520336e-65   5.900033e-57   1.961309e-49   1.480118e-42   3.216714e-36   1.773307e-30   3.994847e-25   4.251724e-20   2.120236e-15   4.952877e-11   4.059018e-07   8.961957e-04   9.991034e-01
         8.7500   7.012080e-66   1.361379e-57   5.086281e-50   4.358624e-43   1.076271e-36   6.751377e-31   1.731107e-25   2.097596e-20   1.187758e-15   3.165841e-11   2.961215e-07   7.715347e-04   9.992282e-01
         8.8000   1.394541e-66   3.138086e-58   1.317994e-50   1.282247e-43   3.596717e-37   2.566627e-31   7.488168e-26   1.032642e-20   6.637348e-16   2.017820e-11   2.153327e-07   6.629821e-04   9.993368e-01
         8.8500   2.767924e-67   7.223195e-59   3.411197e-51   3.766961e-44   1.200053e-37   9.739496e-32   3.232248e-26   5.071172e-21   3.698731e-16   1.282065e-11   1.560316e-07   5.685604e-04   9.994313e-01
         8.9000   5.480794e-68   1.659593e-59   8.814787e-52   1.104705e-44   3.996214e-38   3.687778e-32   1.391778e-26   2.483509e-21   2.054849e-16   8.118079e-12   1.126317e-07   4.865432e-04   9.995133e-01
         8.9500   1.082288e-68   3.804754e-60   2.273396e-52   3.232876e-45   1.327727e-38   1.392871e-32   5.976441e-27   1.212555e-21   1.137795e-16   5.121602e-12   8.097519e-08   4.154176e-04   9.995845e-01
         9.0000   2.130646e-69   8.700874e-61   5.850007e-53   9.438115e-46   4.399985e-39   5.246282e-33   2.558618e-27   5.900753e-22   6.277764e-17   3.218644e-12   5.796904e-08   3.538527e-04   9.996461e-01
