# CIE ionization fractions for Ar (Z=18)
# Source: CHIANTI v11.0.2 chianti.ioneq (Dere et al. 2009)
# T grid: 101 log-spaced points, 10^4.00 K -> 10^9.00 K
# Generated by pyathena/photchem/data/build_ioneq_tables.py
#
# log_T_K        x_Ar0          x_Ar1          x_Ar2          x_Ar3          x_Ar4          x_Ar5          x_Ar6          x_Ar7          x_Ar8          x_Ar9          x_Ar10         x_Ar11         x_Ar12         x_Ar13         x_Ar14         x_Ar15         x_Ar16         x_Ar17         x_Ar18       
         4.0000   9.997662e-01   2.337991e-04   4.830174e-15   3.480531e-38   1.289432e-71  3.275673e-113  5.839326e-163  4.685061e-230  2.722165e-307   0.000000e+00   0.000000e+00   0.000000e+00   0.000000e+00   0.000000e+00   0.000000e+00   0.000000e+00   0.000000e+00   0.000000e+00   0.000000e+00
         4.0500   9.979132e-01   2.086849e-03   4.397172e-12   3.604698e-32   1.578253e-61   3.545333e-98  4.204188e-142  1.495306e-201  4.309335e-270   0.000000e+00   0.000000e+00   0.000000e+00   0.000000e+00   0.000000e+00   0.000000e+00   0.000000e+00   0.000000e+00   0.000000e+00   0.000000e+00
         4.1000   9.852573e-01   1.474270e-02   1.113556e-09   4.954504e-27   9.324574e-53   5.507471e-85  1.036113e-123  2.464388e-176  4.087282e-237   0.000000e+00   0.000000e+00   0.000000e+00   0.000000e+00   0.000000e+00   0.000000e+00   0.000000e+00   0.000000e+00   0.000000e+00   0.000000e+00
         4.1500   9.194370e-01   8.056287e-02   1.225681e-07   1.529292e-22   5.026226e-45   2.645068e-73  2.191752e-107  6.452915e-154  9.025626e-208   0.000000e+00   0.000000e+00   0.000000e+00   0.000000e+00   0.000000e+00   0.000000e+00   0.000000e+00   0.000000e+00   0.000000e+00   0.000000e+00
         4.2000   7.000440e-01   2.999496e-01   6.433733e-06   1.247060e-18   3.204109e-38   5.703140e-63   6.567083e-93  5.309591e-134  1.129587e-181  3.895495e-318   0.000000e+00   0.000000e+00   0.000000e+00   0.000000e+00   0.000000e+00   0.000000e+00   0.000000e+00   0.000000e+00   0.000000e+00
         4.2500   3.594322e-01   6.404216e-01   1.462078e-04   2.589601e-15   2.534746e-32   6.368513e-54   3.546793e-80  2.047957e-116  1.438144e-158  7.272900e-280   0.000000e+00   0.000000e+00   0.000000e+00   0.000000e+00   0.000000e+00   0.000000e+00   0.000000e+00   0.000000e+00   0.000000e+00
         4.3000   1.348270e-01   8.635280e-01   1.644995e-03   1.640563e-12   3.198516e-27   5.070915e-46   5.055583e-69  6.188724e-101  3.658197e-138  6.145564e-246   0.000000e+00   0.000000e+00   0.000000e+00   0.000000e+00   0.000000e+00   0.000000e+00   0.000000e+00   0.000000e+00   0.000000e+00
         4.3500   4.661742e-02   9.413558e-01   1.202682e-02   4.304673e-10   9.263836e-23   4.328731e-39   2.992866e-59   2.558261e-87  3.736031e-120  7.024737e-216   0.000000e+00   0.000000e+00   0.000000e+00   0.000000e+00   0.000000e+00   0.000000e+00   0.000000e+00   0.000000e+00   0.000000e+00
         4.4000   1.626312e-02   9.195142e-01   6.422266e-02   5.366631e-08   7.396842e-19   4.920921e-33   9.868849e-51   2.087062e-75  2.488870e-104  2.488903e-189  6.246271e-286   0.000000e+00   0.000000e+00   0.000000e+00   0.000000e+00   0.000000e+00   0.000000e+00   0.000000e+00   0.000000e+00
         4.4500   5.349193e-03   7.589672e-01   2.356806e-01   3.034670e-06   1.616622e-15   7.829093e-28   2.158840e-43   4.238957e-65   1.507407e-90  5.148833e-166  6.611263e-252   0.000000e+00   0.000000e+00   0.000000e+00   0.000000e+00   0.000000e+00   0.000000e+00   0.000000e+00   0.000000e+00
         4.5000   1.484974e-03   4.758894e-01   5.225551e-01   7.045354e-05   9.358917e-13   1.842544e-23   3.776906e-37   2.789310e-56   1.180743e-78  1.168501e-145  4.714960e-222  2.120530e-308   0.000000e+00   0.000000e+00   0.000000e+00   0.000000e+00   0.000000e+00   0.000000e+00   0.000000e+00
         4.5500   3.833880e-04   2.492427e-01   7.496343e-01   7.396148e-04   1.625213e-10   7.971213e-20   7.278299e-32   9.155935e-49   2.010393e-68  6.400692e-128  6.947489e-196  8.897302e-273   0.000000e+00   0.000000e+00   0.000000e+00   0.000000e+00   0.000000e+00   0.000000e+00   0.000000e+00
         4.6000   1.139096e-04   1.339525e-01   8.614464e-01   4.487138e-03   1.094057e-08   8.822419e-17   2.313988e-27   2.546109e-42   1.384481e-59  2.038028e-112  6.895570e-173  2.252368e-241  4.093334e-320   0.000000e+00   0.000000e+00   0.000000e+00   0.000000e+00   0.000000e+00   0.000000e+00
         4.6500   4.215911e-05   7.950958e-02   9.017607e-01   1.868721e-02   3.566438e-07   3.299013e-14   1.693378e-23   9.371235e-37   6.617988e-52   8.194801e-99  1.301132e-152  1.297749e-213  9.070521e-284   0.000000e+00   0.000000e+00   0.000000e+00   0.000000e+00   0.000000e+00   0.000000e+00
         4.7000   1.872882e-05   5.048201e-02   8.918146e-01   5.767826e-02   6.381209e-06   4.972377e-12   3.558308e-20   6.236700e-32   3.271755e-45   7.611493e-87  1.066098e-134  4.974861e-189  1.563868e-251  2.193651e-321   0.000000e+00   0.000000e+00   0.000000e+00   0.000000e+00   0.000000e+00
         4.7500   9.273302e-06   3.246175e-02   8.302930e-01   1.371678e-01   6.821862e-05   3.436283e-10   2.539911e-17   9.533349e-28   2.291232e-39   2.667055e-76  7.492477e-119  3.098518e-167  6.508415e-223  3.320327e-285   0.000000e+00   0.000000e+00   0.000000e+00   0.000000e+00   0.000000e+00
         4.8000   4.779243e-06   2.029559e-02   7.197556e-01   2.594758e-01   4.681966e-04   1.216066e-08   7.129213e-15   4.098526e-24   2.964961e-34   5.349869e-67  8.081187e-105  6.745763e-148  1.735685e-197  4.925660e-253  1.432731e-314   0.000000e+00   0.000000e+00   0.000000e+00   0.000000e+00
         4.8500   2.456231e-06   1.213455e-02   5.806254e-01   4.050096e-01   2.227695e-03   2.471262e-07   9.119414e-13   6.008479e-21   9.059150e-30   8.947896e-59   2.249912e-92  1.014683e-130  7.056367e-175  2.089515e-224  2.591018e-279   0.000000e+00   0.000000e+00   0.000000e+00   0.000000e+00
         4.9000   1.237594e-06   6.956904e-03   4.409309e-01   5.441096e-01   7.998062e-03   3.253731e-06   6.179703e-11   3.623511e-18   8.240927e-26   1.764320e-51   2.594816e-81  1.950966e-115  9.530632e-155  6.625656e-199  6.765347e-248  4.367275e-303   0.000000e+00   0.000000e+00   0.000000e+00
         4.9500   6.084370e-07   3.855652e-03   3.193171e-01   6.538426e-01   2.295414e-02   2.983775e-05   2.448889e-09   1.023557e-15   2.639200e-22   5.363459e-45   1.813431e-71  7.957295e-102  8.204283e-137  3.541733e-176  6.873841e-220  3.891383e-269  7.806237e-322   0.000000e+00   0.000000e+00
         5.0000   2.920764e-07   2.083391e-03   2.229766e-01   7.196748e-01   5.506168e-02   2.032306e-04   6.193142e-08   1.517362e-13   3.444516e-19   3.181336e-39   1.073920e-62   1.077365e-89  8.012126e-121  6.560219e-156  6.544566e-195  7.396658e-239  7.550964e-286   0.000000e+00   0.000000e+00
         5.0500   1.361700e-07   1.096307e-03   1.502180e-01   7.340825e-01   1.135272e-01   1.074850e-03   1.065893e-06   1.287701e-11   2.056120e-16   4.473044e-34   7.159024e-55   7.115546e-79  1.463148e-106  7.888444e-138  1.259434e-172  7.606384e-212  9.630489e-254   0.000000e+00   0.000000e+00
         5.1000   6.082884e-08   5.553855e-04   9.669994e-02   6.927818e-01   2.053251e-01   4.624420e-03   1.330347e-05   6.798546e-10   6.254778e-14   1.782605e-29   6.960693e-48   3.252856e-69   7.858378e-94  1.085434e-121  9.790416e-153  9.773692e-188  4.349793e-225   0.000000e+00   0.000000e+00
         5.1500   2.556631e-08   2.661896e-04   5.852563e-02   6.010435e-01   3.240083e-01   1.603524e-02   1.210376e-04   2.283581e-08   1.013759e-11   2.241294e-25   1.181019e-41   1.336428e-60   1.768195e-82  2.694690e-107  5.423405e-135  3.149403e-166  1.601890e-199   0.000000e+00   0.000000e+00
         5.2000   1.001624e-08   1.196286e-04   3.302714e-02   4.757923e-01   4.450865e-01   4.515495e-02   8.189753e-04   5.054568e-07   9.247122e-10   9.925492e-22   4.164659e-36   6.324870e-53   2.322430e-72   1.841412e-94  3.611853e-119  4.816965e-147  1.028813e-176  2.718321e-309   0.000000e+00
         5.2500   3.626322e-09   4.997311e-05   1.723405e-02   3.416944e-01   5.325925e-01   1.042176e-01   4.203768e-03   7.622076e-06   4.994493e-08   1.709922e-18   3.571287e-31   4.308081e-46   2.398238e-63   5.059510e-83  4.623595e-105  6.194061e-130  2.276041e-156  1.224077e-274   0.000000e+00
         5.3000   1.203494e-09   1.923901e-05   8.247647e-03   2.214055e-01   5.550400e-01   1.985658e-01   1.663960e-02   8.056092e-05   1.669259e-06   1.249807e-15   8.548474e-27   5.139302e-40   2.534274e-55   7.825288e-73   1.727261e-92  1.113665e-114  3.178676e-138  9.814341e-244   0.000000e+00
         5.3500   3.603181e-10   6.713296e-06   3.562804e-03   1.276782e-01   5.012137e-01   3.152153e-01   5.167351e-02   6.138199e-04   3.599430e-05   4.197368e-13   6.472910e-23   1.281643e-34   3.472935e-48   9.218117e-64   2.740023e-81  4.417887e-101  4.821805e-122  3.553658e-216  1.198676e-317
         5.4000   9.579845e-11   2.088579e-06   1.367300e-03   6.474319e-02   3.894401e-01   4.144869e-01   1.260395e-01   3.409027e-03   5.119191e-04   6.854628e-11   1.708412e-19   7.709199e-30   7.509538e-42   1.067316e-55   2.541922e-71   5.723592e-89  1.270173e-107  1.312975e-191  3.462231e-282
         5.4500   2.259067e-11   5.783270e-07   4.655748e-04   2.888523e-02   2.595286e-01   4.500515e-01   2.422028e-01   1.396994e-02   4.895755e-03   5.731358e-09   1.715743e-16   1.272027e-25   3.053823e-36   1.526260e-48   1.836239e-62   3.438073e-78   8.835651e-95  1.024493e-169  1.400598e-250
         5.5000   4.669597e-12   1.407982e-07   1.390103e-04   1.118687e-02   1.467746e-01   4.010721e-01   3.664530e-01   4.257148e-02   3.180249e-02   2.554439e-07   7.051609e-14   6.421918e-22   2.715349e-31   3.285431e-42   1.325477e-54   1.300875e-68   2.344256e-83  3.209336e-150  2.026329e-222
         5.5500   8.033466e-13   2.860302e-08   3.455371e-05   3.574359e-03   6.711730e-02   2.806088e-01   4.196102e-01   9.343544e-02   1.356133e-01   6.030676e-06   1.213520e-11   1.048422e-18   5.787740e-27   1.217274e-36   1.144283e-47   3.903809e-60   3.154372e-73  6.855844e-133  2.316585e-197
         5.6000   1.061146e-13   4.470759e-09   6.594671e-06   8.697107e-04   2.295842e-02   1.430906e-01   3.390451e-01   1.386267e-01   3.553305e-01   7.236534e-05   8.611328e-10   5.609390e-16   3.096117e-23   8.435358e-32   1.336794e-41   1.099751e-52   2.674834e-64  1.543666e-117  4.089133e-175
         5.6500   1.100780e-14   5.496365e-10   9.874551e-07   1.647864e-04   6.018668e-03   5.465287e-02   1.994255e-01   1.442262e-01   5.950420e-01   4.689677e-04   2.738907e-08   1.096370e-13   4.768749e-20   1.296046e-27   2.596467e-36   3.719217e-46   1.908837e-56  5.942482e-104  2.227705e-155
         5.7000   1.041006e-15   6.165919e-11   1.345028e-07   2.820860e-05   1.405187e-03   1.821803e-02   9.982962e-02   1.235383e-01   7.549990e-01   1.981090e-03   4.805548e-07   9.846822e-12   2.728438e-17   5.861732e-24   1.148980e-31   2.143881e-40   1.691751e-49   6.864204e-92  7.919006e-138
         5.7500   1.001095e-16   7.036431e-12   1.858072e-08   4.866770e-06   3.273137e-04   5.980744e-03   4.813169e-02   9.890015e-02   8.402368e-01   6.412853e-03   5.559147e-06   4.948047e-10   7.218494e-15   9.959283e-21   1.520215e-27   2.852543e-35   2.609944e-43   3.891725e-81  3.546953e-122
         5.8000   1.029268e-17   8.584410e-13   2.736572e-09   8.915432e-07   8.014212e-05   2.032307e-03   2.354885e-02   7.812205e-02   8.788873e-01   1.728173e-02   4.672797e-05   1.557287e-08   1.007586e-12   7.410353e-18   7.186187e-24   1.076225e-30   8.878172e-38   1.574303e-71  3.373673e-108
         5.8500   1.141049e-18   1.128947e-13   4.334324e-10   1.748579e-07   2.077319e-05   7.201453e-04   1.180231e-02   6.154763e-02   8.853545e-01   4.025402e-02   3.001216e-04   3.271259e-07   8.038135e-11   2.664596e-15   1.368763e-20   1.330410e-26   7.907698e-33   6.100366e-63   1.043712e-95
         5.9000   1.337954e-19   1.569739e-14   7.243691e-11   3.599452e-08   5.594007e-06   2.615243e-04   5.964770e-03   4.765759e-02   8.621699e-01   8.241964e-02   1.516134e-03   4.776410e-06   3.871743e-09   4.970516e-13   1.149535e-17   6.022856e-23   2.112057e-28   2.892904e-55   1.509015e-84
         5.9500   1.642876e-20   2.284210e-15   1.264875e-11   7.702659e-09   1.551238e-06   9.659659e-05   3.020521e-03   3.606573e-02   8.055072e-01   1.491290e-01   6.129348e-03   4.986104e-05   1.173245e-07   5.083007e-11   4.574894e-15   1.093114e-19   1.892440e-24   2.070538e-48   1.396268e-74
         6.0000   2.069971e-21   3.407746e-16   2.261395e-12   1.679635e-09   4.344843e-07   3.563014e-05   1.506409e-03   2.624203e-02   7.132788e-01   2.384825e-01   2.007119e-02   3.807331e-04   2.316693e-06   2.989439e-09   9.186762e-13   8.606857e-17   6.275721e-21   2.691490e-42   1.092238e-65
         6.0500   2.594969e-22   5.053096e-17   4.012775e-13   3.619079e-10   1.192956e-07   1.274893e-05   7.194516e-04   1.787253e-02   5.897417e-01   3.357966e-01   5.365890e-02   2.167082e-03   3.074832e-05   1.055500e-07   9.845359e-11   3.154504e-14   8.408155e-18   7.494701e-37   9.258599e-58
         6.1000   3.178092e-23   7.311537e-18   6.937261e-14   7.565112e-11   3.153235e-08   4.348888e-06   3.236375e-04   1.121869e-02   4.477690e-01   4.134646e-01   1.176003e-01   9.335148e-03   2.819025e-04   2.325728e-06   5.922819e-09   5.734825e-12   4.924841e-15   5.183124e-32   1.061849e-50
         6.1500   3.748469e-24   1.017569e-18   1.151575e-14   1.512373e-11   7.913396e-09   1.395782e-06   1.354277e-04   6.419246e-03   3.072553e-01   4.417482e-01   2.117450e-01   3.083199e-02   1.830087e-03   3.315156e-05   2.095526e-07   5.484274e-10   1.355760e-12   1.017781e-27   2.012357e-44
         6.2000   4.179190e-25   1.336864e-19   1.801247e-15   2.838186e-12   1.851620e-09   4.141545e-07   5.183373e-05   3.297549e-03   1.880168e-01   4.068307e-01   3.138448e-01   7.902654e-02   8.610604e-03   3.162689e-04   4.555408e-06   2.915596e-08   1.876554e-10   6.412565e-24   7.553127e-39
         6.2500   4.303632e-26   1.619965e-20   2.593705e-16   4.886123e-13   3.950743e-10   1.111752e-07   1.777031e-05   1.492155e-03   1.016057e-01   3.215856e-01   3.840492e-01   1.590825e-01   3.001708e-02   2.085539e-03   6.340862e-05   9.078916e-07   1.390989e-08   1.449878e-20   6.617899e-34
         6.3000   4.044443e-27   1.788815e-21   3.396563e-17   7.624086e-14   7.595073e-11   2.669160e-08   5.398415e-06   5.892944e-04   4.817827e-02   2.177262e-01   3.895178e-01   2.544490e-01   7.913495e-02   9.793916e-03   5.871690e-04   1.738485e-05   5.853232e-07   1.302511e-17   1.570434e-29
         6.3500   3.478224e-28   1.804699e-22   4.055235e-18   1.081089e-14   1.319378e-11   5.750963e-09   1.459015e-06   2.042335e-04   1.995280e-02   1.261210e-01   3.287239e-01   3.267685e-01   1.606286e-01   3.362828e-02   3.742621e-03   2.138717e-04   1.473387e-05   5.092899e-15   1.152673e-25
         6.4000   2.713539e-29   1.648844e-23   4.374826e-19   1.380924e-15   2.053569e-12   1.103119e-09   3.482442e-07   6.175350e-05   7.182581e-03   6.238154e-02   2.312985e-01   3.394641e-01   2.545137e-01   8.622177e-02   1.688960e-02   1.754090e-03   2.319754e-04   9.380809e-13   2.939456e-22
         6.4500   1.894870e-30   1.346001e-24   4.207565e-20   1.567976e-16   2.827157e-13   1.861116e-10   7.257234e-08   1.612764e-05   2.226632e-03   2.616193e-02   1.351799e-01   2.854610e-01   3.166640e-01   1.671060e-01   5.497490e-02   9.848283e-03   2.361209e-03   8.676059e-11   2.869407e-19
         6.5000   1.153827e-31   9.564027e-26   3.514853e-21   1.542306e-17   3.359023e-14   2.696576e-11   1.290050e-08   3.558945e-06   5.819913e-04   9.125148e-03   6.453666e-02   1.917824e-01   3.066627e-01   2.439731e-01   1.293639e-01   3.820052e-02   1.577001e-02   4.202554e-09   1.151846e-16
         6.5500   5.801766e-33   5.601622e-27   2.415409e-22   1.245517e-18   3.262666e-15   3.177210e-12   1.853510e-09   6.296036e-07   1.235460e-04   2.553722e-03   2.433394e-02   9.981569e-02   2.249231e-01   2.622726e-01   2.162032e-01   1.011643e-01   6.860918e-02   1.084358e-07   1.985416e-14
         6.6000   2.369462e-34   2.660152e-28   1.343363e-23   8.119741e-20   2.547198e-16   2.994052e-13   2.117665e-10   8.791197e-08   2.064858e-05   5.565698e-04   7.046639e-03   3.922955e-02   1.221412e-01   2.036979e-01   2.529147e-01   1.811486e-01   1.932425e-01   1.513204e-06   1.527341e-12
         6.6500   8.072138e-36   1.052046e-29   6.211781e-25   4.390465e-21   1.642718e-17   2.319957e-14   1.978899e-11   9.974050e-09   2.798006e-06   9.738032e-05   1.617969e-03   1.204455e-02   5.092351e-02   1.188963e-01   2.162165e-01   2.299231e-01   3.702656e-01   1.222825e-05   5.733147e-11
         6.7000   2.516213e-37   3.801084e-31   2.620362e-26   2.160819e-22   9.606156e-19   1.623031e-15   1.661510e-12   1.010805e-09   3.379889e-07   1.505254e-05   3.245774e-04   3.188584e-03   1.802823e-02   5.783486e-02   1.502689e-01   2.308608e-01   5.394137e-01   6.501670e-05   1.215504e-09
         6.7500   7.897159e-39   1.380732e-32   1.109850e-27   1.065520e-23   5.608265e-20   1.129116e-16   1.381084e-13   1.008909e-10   4.012798e-08   2.268111e-06   6.283938e-05   8.051001e-04   6.005012e-03   2.603509e-02   9.453192e-02   2.047073e-01   6.675926e-01   2.578243e-04   1.677541e-08
         6.8000   2.650611e-40   5.356315e-34   5.013732e-29   5.592870e-25   3.473732e-21   8.303053e-18   1.208563e-14   1.055315e-11   4.982521e-09   3.547160e-07   1.251328e-05   2.068842e-04   2.010959e-03   1.161111e-02   5.775312e-02   1.723369e-01   7.552370e-01   8.309741e-04   1.666816e-07
         6.8500   9.776808e-42   2.280553e-35   2.482709e-30   3.211962e-26   2.346843e-22   6.637060e-19   1.145393e-15   1.190666e-12   6.660758e-10   5.930631e-08   2.641995e-06   5.583224e-05   6.995651e-04   5.309463e-03   3.553282e-02   1.431098e-01   8.129965e-01   2.292024e-03   1.272103e-06
         6.9000   3.992848e-43   1.073806e-36   1.357903e-31   2.034018e-27   1.743722e-23   5.816316e-20   1.186108e-16   1.462713e-13   9.694519e-11   1.072470e-08   5.987320e-07   1.603252e-05   2.563951e-04   2.527920e-03   2.238975e-02   1.193560e-01   8.498663e-01   5.579282e-03   7.780955e-06
         6.9500   1.792032e-44   5.550085e-38   8.142995e-33   1.410032e-28   1.414771e-24   5.549704e-21   1.333367e-17   1.944639e-14   1.535121e-11   2.097053e-09   1.456793e-07   4.903438e-06   9.919447e-05   1.257131e-03   1.451525e-02   1.005788e-01   8.712815e-01   1.222371e-02   3.930950e-05
         7.0000   8.809594e-46   3.138797e-39   5.336938e-34   1.066695e-29   1.249614e-25   5.749159e-22   1.622807e-18   2.790933e-15   2.619876e-12   4.394024e-10   3.773683e-08   1.584866e-06   4.022760e-05   6.491851e-04   9.640759e-03   8.544317e-02   8.796276e-01   2.442961e-02   1.677969e-04
         7.0500   4.703872e-47   1.926108e-40   3.791151e-35   8.733924e-31   1.191945e-26   6.415895e-23   2.122213e-19   4.292670e-16   4.782938e-13   9.796310e-11   1.033836e-08   5.380370e-07   1.700495e-05   3.463688e-04   6.532281e-03   7.292177e-02   8.746284e-01   4.493787e-02   6.157280e-04
         7.1000   2.692043e-48   1.265622e-41   2.880622e-36   7.639073e-32   1.212012e-27   7.615423e-24   2.944960e-20   6.989439e-17   9.225851e-14   2.295917e-11   2.960796e-09   1.897350e-07   7.414702e-06   1.890793e-04   4.475980e-03   6.207766e-02   8.547206e-01   7.656015e-02   1.968943e-03
         7.1500   1.619254e-49   8.732309e-43   2.295833e-37   6.999584e-33   1.288635e-28   9.431781e-25   4.255049e-21   1.182361e-17   1.845228e-14   5.552579e-12   8.706789e-10   6.832021e-08   3.281186e-06   1.040226e-04   3.060304e-03   5.215636e-02   8.178458e-01   1.212853e-01   5.544918e-03
         7.2000   1.012717e-50   6.259045e-44   1.898824e-38   6.647910e-34   1.417625e-29   1.206311e-25   6.336416e-22   2.057343e-18   3.788603e-15   1.372298e-12   2.604126e-10   2.488768e-08   1.460305e-06   5.716661e-05   2.070562e-03   4.292190e-02   7.621429e-01   1.789505e-01   1.385557e-02
         7.2500   6.506334e-52   4.604638e-45   1.610199e-39   6.466406e-35   1.594539e-30   1.574655e-26   9.612961e-23   3.640308e-19   7.895191e-16   3.427669e-13   7.836956e-11   9.077278e-09   6.471813e-07   3.108708e-05   1.374308e-03   3.433409e-02   6.874585e-01   2.459195e-01   3.088183e-02
         7.3000   4.237521e-53   3.431347e-46   1.381681e-40   6.357874e-36   1.810096e-31   2.070987e-27   1.466918e-23   6.467872e-20   1.649188e-16   8.547210e-14   2.344837e-11   3.276579e-09   2.824412e-07   1.655059e-05   8.862352e-04   2.647612e-02   5.964869e-01   3.145045e-01   6.162935e-02
         7.3500   2.746018e-54   2.542292e-47   1.177587e-41   6.202669e-37   2.035855e-32   2.694452e-28   2.210922e-24   1.133205e-20   3.391350e-17   2.090326e-14   6.856199e-12   1.151308e-09   1.194986e-07   8.502652e-06   5.482811e-04   1.949153e-02   4.953061e-01   3.741220e-01   1.105234e-01
         7.4000   1.761921e-55   1.863695e-48   9.920881e-43   5.975863e-38   2.258103e-33   3.452077e-29   3.276573e-25   1.949301e-21   6.835244e-18   4.993128e-15   1.951082e-12   3.921850e-10   4.881335e-08   4.197856e-06   3.242479e-04   1.365675e-02   3.925549e-01   4.144652e-01   1.789947e-01
         7.4500   1.122222e-56   1.355353e-49   8.283961e-44   5.701093e-39   2.476884e-34   4.367776e-30   4.788918e-26   3.302169e-22   1.354311e-18   1.168720e-15   5.422182e-13   1.299774e-10   1.932232e-08   1.999143e-06   1.840006e-04   9.139124e-03   2.973045e-01   4.295400e-01   2.638304e-01
         7.5000   7.109143e-58   9.797511e-51   6.869637e-45   5.396960e-40   2.692533e-35   5.469828e-31   6.918732e-27   5.522050e-23   2.644170e-19   2.687371e-16   1.475607e-13   4.203549e-11   7.435932e-09   9.216079e-07   1.006093e-04   5.870464e-03   2.163242e-01   4.198460e-01   3.578578e-01
         7.5500   4.503806e-59   7.078859e-52   5.689257e-46   5.098146e-41   2.917267e-36   6.818978e-32   9.938439e-28   9.169405e-24   5.117204e-20   6.107418e-17   3.957145e-14   1.335197e-11   2.800811e-09   4.141649e-07   5.340763e-05   3.649121e-03   1.524835e-01   3.911726e-01   4.526409e-01
         7.6000   2.865538e-60   5.133986e-53   4.725878e-47   4.826676e-42   3.164367e-37   8.500853e-33   1.425960e-28   1.518947e-24   9.862393e-21   1.378502e-17   1.051161e-14   4.188869e-12   1.038905e-09   1.826649e-07   2.773333e-05   2.214133e-03   1.051107e-01   3.513824e-01   5.412649e-01
         7.6500   1.823199e-61   3.721741e-54   3.920934e-48   4.561049e-43   3.422788e-38   1.055648e-33   2.035881e-29   2.501010e-25   1.889079e-21   3.084443e-18   2.761447e-15   1.296361e-12   3.792026e-10   7.906595e-08   1.410898e-05   1.316448e-03   7.148622e-02   3.075303e-01   6.196528e-01
         7.7000   1.182095e-62   2.748176e-55   3.311325e-49   4.384228e-44   3.762316e-39   1.330806e-34   2.947776e-30   4.171526e-26   3.661913e-22   6.968186e-19   7.306567e-16   4.029820e-13   1.386362e-10   3.416730e-08   7.145055e-06   7.774751e-04   4.831874e-02   2.645265e-01   6.863701e-01
         7.7500   7.842770e-64   2.075748e-56   2.858651e-50   4.305220e-45   4.220884e-40   1.710671e-35   4.347832e-31   7.080133e-27   7.212940e-23   1.596128e-19   1.955706e-16   1.264028e-13   5.100940e-11   1.481384e-08   3.620844e-06   4.586203e-04   3.263674e-02   2.251271e-01   7.417739e-01
         7.8000   5.336244e-65   1.607320e-57   2.528427e-51   4.328860e-46   4.844564e-41   2.247659e-36   6.548902e-32   1.225908e-27   1.447411e-23   3.717221e-20   5.310993e-17   4.013158e-14   1.895023e-11   6.466490e-09   1.842981e-06   2.712726e-04   2.211288e-02   1.904874e-01   7.871266e-01
         7.8500   3.727041e-66   1.277190e-58   2.293567e-52   4.461579e-47   5.695036e-42   3.022163e-37   1.008597e-32   2.168217e-28   2.962988e-24   8.814910e-21   1.465696e-17   1.292003e-14   7.122547e-12   2.848155e-09   9.444557e-07   1.613086e-04   1.506573e-02   1.607830e-01   8.239890e-01
         7.9000   2.672531e-67   1.041634e-59   2.134196e-53   4.714627e-48   6.858984e-43   4.159907e-38   1.588907e-33   3.918999e-29   6.190848e-25   2.129850e-21   4.113892e-18   4.221858e-15   2.711433e-12   1.267416e-09   4.880178e-07   9.658237e-05   1.033616e-02   1.356800e-01   8.538867e-01
         7.9500   1.966512e-68   8.715224e-61   2.036216e-54   5.105893e-49   8.460359e-44   5.859958e-39   2.559756e-34   7.237434e-30   1.320070e-25   5.243371e-22   1.174519e-18   1.400653e-15   1.045916e-12   5.701718e-10   2.544630e-07   5.827782e-05   7.145854e-03   1.146326e-01   8.781630e-01
         8.0000   1.477467e-69   7.443701e-62   1.982132e-55   5.639354e-50   1.063587e-44   8.407404e-40   4.197112e-35   1.359203e-30   2.859332e-26   1.309353e-22   3.396727e-19   4.700144e-16   4.074896e-13   2.586252e-10   1.336274e-07   3.540117e-05   4.979195e-03   9.704686e-02   8.979384e-01
         8.0500   1.128552e-70   6.462371e-63   1.960267e-56   6.325430e-51   1.357073e-45   1.223482e-40   6.975678e-36   2.585396e-31   6.266750e-27   3.304040e-23   9.913671e-20   1.589525e-16   1.597831e-13   1.178973e-10   7.048040e-08   2.160623e-05   3.496322e-03   8.236247e-02   9.141195e-01
         8.1000   8.814457e-72   5.735664e-64   1.980971e-57   7.247250e-52   1.767738e-46   1.816607e-41   1.182183e-36   5.010839e-32   1.398138e-27   8.477265e-24   2.937948e-20   5.450245e-17   6.342620e-14   5.430952e-11   3.751188e-08   1.329144e-05   2.473158e-03   7.008537e-02   9.274281e-01
         8.1500   7.028852e-73   5.196578e-65   2.042603e-58   8.469441e-53   2.347537e-47   2.748310e-42   2.040224e-37   9.882965e-33   3.171374e-28   2.209019e-24   8.831549e-21   1.892974e-17   2.546601e-14   2.526246e-11   2.013448e-08   8.237170e-06   1.761404e-03   5.979597e-02   9.384344e-01
         8.2000   5.713861e-74   4.798903e-66   2.145810e-59   1.008103e-53   3.173763e-48   4.230760e-43   3.580883e-38   1.981074e-33   7.304442e-29   5.839382e-25   2.689905e-21   6.652958e-18   1.033261e-14   1.185651e-11   1.089136e-08   5.139635e-06   1.262332e-03   5.114543e-02   9.475871e-01
         8.2500   4.728284e-75   4.510618e-67   2.293446e-60   1.220456e-54   4.362333e-49   6.618358e-44   6.383659e-39   4.031046e-34   1.706271e-29   1.564098e-25   8.292399e-22   2.363717e-18   4.232740e-15   5.610097e-12   5.933088e-09   3.226630e-06   9.097338e-04   4.384719e-02   9.552398e-01
         8.3000   3.977827e-76   4.309682e-68   2.490752e-61   1.500969e-55   6.088713e-50   1.050890e-44   1.154591e-39   8.317041e-35   4.038077e-30   4.240889e-26   2.584988e-22   8.482201e-19   1.749237e-15   2.674285e-12   3.252760e-09   2.036828e-06   6.588532e-04   3.766731e-02   9.616718e-01
         8.3500   3.397927e-77   4.180536e-69   2.745288e-62   1.872982e-56   8.619646e-51   1.691803e-45   2.116367e-40   1.738187e-35   9.672176e-31   1.162845e-26   8.140911e-23   3.071722e-19   7.287001e-16   1.283399e-12   1.793538e-09   1.292025e-06   4.791811e-04   3.241532e-02   9.671042e-01
         8.4000   2.943684e-78   4.112290e-70   3.067308e-63   2.368712e-57   1.236313e-51   2.758408e-46   3.927381e-41   3.675893e-36   2.342480e-31   3.221475e-27   2.587869e-23   1.121652e-19   3.057660e-16   6.196253e-13   9.939638e-10   8.230371e-07   3.497448e-04   2.793616e-02   9.717133e-01
         8.4500   2.583517e-79   4.097685e-71   3.470441e-64   3.032922e-58   1.794770e-52   4.550538e-47   7.371512e-42   7.859164e-37   5.731334e-32   9.009426e-28   8.297196e-24   4.126916e-20   1.291455e-16   3.007755e-13   5.533181e-10   5.261863e-07   2.560066e-04   2.410340e-02   9.756401e-01
         8.5000   2.294566e-80   4.131672e-72   3.971977e-65   3.927574e-59   2.634424e-53   7.588035e-48   1.398075e-42   1.697193e-37   1.415391e-32   2.541420e-28   2.680962e-24   1.528829e-20   5.486774e-17   1.466979e-13   3.092130e-10   3.374172e-07   1.878077e-04   2.081372e-02   9.789981e-01
         8.5500   2.060029e-81   4.210782e-73   4.593545e-66   5.138455e-60   3.905715e-54   1.277645e-48   2.676628e-43   3.698324e-38   3.524800e-33   7.224426e-29   8.722756e-25   5.697917e-21   2.343066e-17   7.184254e-14   1.733572e-10   2.168862e-07   1.379937e-04   1.798237e-02   9.818794e-01
         8.6000   1.867428e-82   4.332774e-74   5.362061e-67   6.784451e-61   5.842416e-55   2.169973e-49   5.167593e-44   8.124008e-39   8.843409e-34   2.067677e-29   2.855269e-25   2.134753e-21   1.004979e-17   3.530352e-14   9.744211e-11   1.396572e-07   1.014893e-04   1.553958e-02   9.843588e-01
         8.6500   1.707396e-83   4.496347e-75   6.310864e-68   9.030395e-62   8.808585e-56   3.713770e-50   1.005065e-44   1.797227e-39   2.233184e-34   5.952802e-30   9.395043e-26   8.033500e-22   4.326232e-18   1.739543e-14   5.487737e-11   9.003170e-08   7.466837e-05   1.342767e-02   9.864976e-01
         8.7000   1.572702e-84   4.700538e-76   7.480463e-69   1.210383e-62   1.337099e-56   6.397679e-51   1.967183e-45   3.999935e-40   5.670427e-35   1.722276e-30   3.104716e-26   3.034104e-22   1.867752e-18   8.588899e-15   3.094606e-11   5.807209e-08   5.492391e-05   1.159869e-02   9.883463e-01
         8.7500   1.452713e-85   4.927542e-77   8.889093e-70   1.626199e-63   2.034152e-57   1.104339e-51   3.857210e-46   8.915898e-41   1.441300e-35   4.985513e-31   1.026039e-26   1.145413e-22   8.056545e-19   4.235232e-15   1.742538e-11   3.740526e-08   4.037007e-05   1.001266e-02   9.899469e-01
         8.8000   1.348372e-86   5.190206e-78   1.061103e-70   2.194547e-64   3.107830e-58   1.914050e-52   7.592515e-47   1.994595e-41   3.675115e-36   1.447095e-31   3.398213e-27   4.330889e-23   3.478521e-19   2.088924e-15   9.808843e-12   2.407205e-08   2.963528e-05   8.636015e-03   9.913343e-01
         8.8500   1.256779e-87   5.489508e-79   1.271617e-71   2.972817e-65   4.765657e-59   3.329035e-53   1.499449e-47   4.475908e-42   9.395920e-37   4.209773e-32   1.127439e-27   1.639480e-23   1.502824e-19   1.030269e-15   5.518126e-12   1.547319e-08   2.171713e-05   7.440435e-03   9.925378e-01
         8.9000   1.175203e-88   5.824565e-80   1.528430e-72   4.038662e-66   7.327906e-60   5.805014e-54   2.968402e-48   1.006616e-42   2.406538e-37   1.226442e-32   3.744206e-28   6.209186e-24   6.492242e-20   5.077964e-16   3.100662e-12   9.929043e-09   1.587989e-05   6.401917e-03   9.935822e-01
         8.9500   1.101523e-89   6.194375e-81   1.840994e-73   5.497726e-67   1.128920e-60   1.014022e-54   5.885772e-49   2.267018e-43   6.170159e-38   3.575558e-33   1.243789e-28   2.351124e-24   2.802751e-20   2.499723e-16   1.739313e-12   6.357542e-09   1.158154e-05   5.499988e-03   9.944884e-01
         9.0000   1.034129e-90   6.597946e-82   2.220515e-74   7.493502e-68   1.741234e-61   1.773125e-55   1.168067e-49   5.109233e-44   1.582570e-38   1.042501e-33   4.130417e-29   8.895763e-25   1.208502e-20   1.228415e-16   9.735634e-13   4.060167e-09   8.421659e-06   4.717095e-03   9.952745e-01
