# CIE ionization fractions for Ca (Z=20)
# Source: CHIANTI v11.0.2 chianti.ioneq (Dere et al. 2009)
# T grid: 101 log-spaced points, 10^4.00 K -> 10^9.00 K
# Generated by pyathena/photchem/data/build_ioneq_tables.py
#
# log_T_K        x_Ca0          x_Ca1          x_Ca2          x_Ca3          x_Ca4          x_Ca5          x_Ca6          x_Ca7          x_Ca8          x_Ca9          x_Ca10         x_Ca11         x_Ca12         x_Ca13         x_Ca14         x_Ca15         x_Ca16         x_Ca17         x_Ca18         x_Ca19         x_Ca20       
         4.0000   4.222130e-18   9.938272e-01   6.172790e-03   5.502893e-30   2.086272e-66   8.863223e-84  3.765411e-101  1.599680e-118  6.796007e-136  2.887185e-153  1.226578e-170  5.210939e-188  2.213792e-205  9.404971e-223  3.995565e-240  1.697457e-257  7.211401e-275  3.063658e-292  1.301551e-309   0.000000e+00   0.000000e+00
         4.0500   4.114367e-18   9.684614e-01   3.153856e-02   9.501014e-26   1.085329e-57   4.610861e-75   1.958857e-92  8.321919e-110  3.535446e-127  1.501983e-144  6.380954e-162  2.710855e-179  1.151667e-196  4.892691e-214  2.078589e-231  8.830581e-249  3.751543e-266  1.593789e-283  6.770978e-301  2.876554e-318   0.000000e+00
         4.1000   3.710256e-18   8.733396e-01   1.266604e-01   5.358039e-22   6.095610e-50   1.592539e-85  6.765671e-103  2.874297e-120  1.221103e-137  5.187678e-155  2.203909e-172  9.362988e-190  3.977729e-207  1.689880e-224  7.179210e-242  3.049983e-259  1.295741e-276  5.504765e-294  2.338619e-311   0.000000e+00   0.000000e+00
         4.1500   2.726047e-18   6.416712e-01   3.583288e-01   9.737079e-19   4.109976e-43   2.426937e-74   1.031049e-91  4.380260e-109  1.860890e-126  7.905718e-144  3.358629e-161  1.426865e-178  6.061827e-196  2.575279e-213  1.094070e-230  4.647995e-248  1.974633e-265  8.388941e-283  3.563919e-300  1.514079e-317   0.000000e+00
         4.2000   1.470728e-18   3.461878e-01   6.538122e-01   5.688437e-16   3.692760e-37   1.681204e-64  4.525486e-100  1.922587e-117  8.167829e-135  3.469983e-152  1.474172e-169  6.262804e-187  2.660661e-204  1.130343e-221  4.802098e-239  2.040101e-256  8.667073e-274  3.682079e-291  1.564278e-308   0.000000e+00   0.000000e+00
         4.2500   6.351582e-19   1.495069e-01   8.504931e-01   1.276247e-13   5.815719e-32   7.729519e-56   4.006442e-87  1.702079e-104  7.231033e-122  3.071999e-139  1.305094e-156  5.544501e-174  2.355501e-191  1.000700e-208  4.251328e-226  1.806115e-243  7.673016e-261  3.259769e-278  1.384865e-295  5.883399e-313   0.000000e+00
         4.3000   2.583521e-19   6.081227e-02   9.391877e-01   1.401779e-11   2.227565e-27   3.531277e-48   1.115444e-75  4.194488e-108  1.781967e-125  7.570427e-143  3.216186e-160  1.366350e-177  5.804737e-195  2.466058e-212  1.047669e-229  4.450868e-247  1.890886e-264  8.033156e-282  3.412769e-299  1.449865e-316   0.000000e+00
         4.3500   1.085029e-19   2.553998e-02   9.744600e-01   8.874841e-10   2.637819e-23   2.141452e-41   1.407772e-65   3.637063e-94  1.080752e-127  4.591415e-145  1.950596e-162  8.286822e-180  3.520536e-197  1.495648e-214  6.354044e-232  2.699423e-249  1.146810e-266  4.872057e-284  2.069822e-301  8.793331e-319   0.000000e+00
         4.4000   4.866346e-20   1.145466e-02   9.885453e-01   3.559594e-08   1.135841e-19   2.114728e-35   1.099219e-56   6.367682e-82  1.199346e-111  5.095248e-129  2.164642e-146  9.196166e-164  3.906857e-181  1.659771e-198  7.051297e-216  2.995641e-233  1.272654e-250  5.406686e-268  2.296952e-285  9.758265e-303  4.145705e-320
         4.4500   2.362133e-20   5.560113e-03   9.944389e-01   9.624740e-07   2.009158e-16   4.131500e-30   7.424014e-49   3.633835e-71   1.479647e-97  5.760709e-131  2.447353e-148  1.039722e-165  4.417109e-183  1.876544e-200  7.972225e-218  3.386884e-235  1.438868e-252  6.112822e-270  2.596943e-287  1.103273e-304  4.644217e-322
         4.5000   1.256710e-20   2.958110e-03   9.970223e-01   1.957800e-05   1.783451e-13   2.178189e-25   6.783649e-42   1.236261e-61   4.430893e-85  1.102264e-114  2.847171e-148  1.209579e-165  5.138721e-183  2.183111e-200  9.274628e-218  3.940190e-235  1.673932e-252  7.111458e-270  3.021199e-287  1.283512e-304  5.484129e-322
         4.5500   7.475030e-21   1.759512e-03   9.979271e-01   3.133906e-04   8.781051e-11   3.832685e-21   1.155593e-35   3.935223e-53   5.783759e-74  3.141864e-100  5.970898e-130  2.536649e-147  1.077658e-164  4.578274e-182  1.945013e-199  8.263105e-217  3.510460e-234  1.491368e-251  6.335858e-269  2.691697e-286  1.143528e-303
         4.6000   5.083571e-21   1.196598e-03   9.950259e-01   3.777497e-03   2.291613e-08   2.349383e-17   4.149176e-30   1.461701e-45   4.534728e-64   2.156552e-87  1.076425e-113  4.573034e-131  1.942787e-148  8.253648e-166  3.506442e-183  1.489661e-200  6.328606e-218  2.688616e-235  1.142219e-252  4.852553e-270  2.061536e-287
         4.6500   3.912247e-21   9.208854e-04   9.645541e-01   3.452172e-02   3.318405e-06   5.592652e-14   3.715263e-25   8.082119e-39   2.945522e-55   5.603564e-76   2.990855e-99  1.270621e-116  5.398049e-134  2.293283e-151  9.742677e-169  4.139034e-186  1.758408e-203  7.470341e-221  3.173666e-238  1.348286e-255  5.727995e-273
         4.7000   2.904164e-21   6.835974e-04   7.865310e-01   2.125404e-01   2.449882e-04   4.962288e-11   8.333549e-21   7.097030e-33   1.804158e-47   6.958658e-66   1.816784e-86  7.718342e-104  3.279025e-121  1.393046e-138  5.918153e-156  2.514241e-173  1.068139e-190  4.537831e-208  1.927831e-225  8.190111e-243  3.479449e-260
         4.7500   1.374715e-21   3.235878e-04   3.714635e-01   6.215149e-01   6.697956e-03   1.229412e-08   3.637175e-17   8.084187e-28   9.004463e-41   3.885552e-57   2.507079e-75   1.065096e-92  4.524905e-110  1.922340e-127  8.166782e-145  3.469538e-162  1.473983e-179  6.262001e-197  2.660320e-214  1.130198e-231  4.801482e-249
         4.8000   3.759202e-22   8.848608e-05   9.626200e-02   8.361234e-01   6.752526e-02   8.666317e-07   3.247485e-14   1.311662e-23   4.228883e-35   1.211327e-49   1.061214e-65   4.508414e-83  1.915334e-100  8.137017e-118  3.456893e-135  1.468611e-152  6.239178e-170  2.650624e-187  1.126079e-204  4.783982e-222  2.032405e-239
         4.8500   7.154375e-23   1.684034e-05   1.705482e-02   6.567877e-01   3.261176e-01   2.304201e-05   8.105375e-12   4.305761e-20   2.779251e-30   3.339889e-43   2.343096e-57   9.954301e-75   4.228940e-92  1.796603e-109  7.632608e-127  3.242602e-144  1.377572e-161  5.852415e-179  2.486313e-196  1.056274e-213  4.487426e-231
         4.9000   8.495753e-24   1.999775e-06   1.890377e-03   2.803970e-01   7.174860e-01   2.245631e-04   5.673588e-10   2.972905e-17   2.771155e-26   9.332974e-38   3.286762e-50   1.396333e-67   5.932117e-85  2.520174e-102  1.070659e-119  4.548539e-137  1.932380e-154  8.209437e-172  3.487660e-189  1.481681e-206  6.294707e-224
         4.9500   7.679054e-25   1.807536e-07   1.616673e-04   8.144783e-02   9.173407e-01   1.049615e-03   1.506550e-08   6.036671e-15   6.089980e-23   4.030847e-33   4.709765e-44   4.208582e-77   1.787955e-94  7.595864e-112  3.226992e-129  1.370941e-146  5.824242e-164  2.474344e-181  1.051189e-198  4.465823e-216  1.897240e-233
         5.0000   7.280715e-26   1.713773e-08   1.477675e-05   2.260729e-02   9.739211e-01   3.456601e-03   2.303424e-07   5.643180e-13   4.779696e-20   4.548745e-29   1.220825e-38   5.517846e-68  9.785229e-101  4.157112e-118  1.766088e-135  7.502970e-153  3.187527e-170  1.354174e-187  5.753013e-205  2.444084e-222  1.038333e-239
         5.0500   8.065572e-27   1.898517e-09   1.610877e-06   6.769992e-03   9.837825e-01   9.443421e-03   2.459751e-06   3.030403e-11   1.723943e-17   1.790968e-25   7.962361e-34   7.252224e-60   5.845923e-89  3.136952e-122  1.332688e-139  5.661732e-157  2.405304e-174  1.021859e-191  4.341217e-209  1.844303e-226  7.835252e-244
         5.1000   1.051445e-27   2.474946e-10   2.109629e-07   2.226258e-03   9.751401e-01   2.261353e-02   1.988761e-05   1.039409e-09   3.264804e-15   2.903221e-22   1.598591e-29   1.290134e-52   1.898499e-78  4.141488e-108  5.329092e-141  2.263987e-158  9.618219e-176  4.086160e-193  1.735946e-210  7.374912e-228  3.133124e-245
         5.1500   1.582965e-28   3.726066e-11   3.254479e-08   7.959579e-04   9.505504e-01   4.852639e-02   1.271645e-04   2.432097e-08   3.551124e-13   2.180102e-19   1.147751e-25   3.942896e-46   4.683677e-69   1.696278e-95  8.701003e-125  3.746921e-157  1.591825e-174  6.762635e-192  2.873007e-209  1.220555e-226  5.185351e-244
         5.2000   2.684791e-29   6.319602e-12   5.761382e-09   3.039937e-04   9.048865e-01   9.414871e-02   6.603425e-04   4.064396e-07   2.371448e-11   8.309147e-17   3.321889e-22   2.527162e-40   1.168609e-60   3.162399e-84  2.639109e-110  3.644581e-139  2.982281e-171  8.754833e-207  3.719363e-224  1.580117e-241  6.712898e-259
         5.2500   4.995965e-30   1.175977e-12   1.138095e-09   1.214854e-04   8.317238e-01   1.653210e-01   2.828636e-03   5.009744e-06   1.022522e-09   1.727368e-14   4.271359e-19   4.021702e-35   3.777110e-53   3.751758e-74   2.290292e-97  4.240717e-123  9.187517e-152  1.724348e-183  6.003852e-217  2.550649e-234  1.083606e-251
         5.3000   9.926232e-31   2.336489e-13   2.437319e-10   4.968964e-05   7.281123e-01   2.617135e-01   1.007794e-02   4.657779e-05   2.957690e-08   2.074091e-12   2.642228e-16   1.834485e-30   1.961145e-46   3.799985e-65   8.324538e-86  9.502858e-109  2.344863e-134  1.100483e-162  1.598506e-192  6.791021e-210  2.885066e-227
         5.3500   2.052003e-31   4.830113e-14   5.505446e-11   2.035680e-05   5.985432e-01   3.711257e-01   2.997822e-02   3.318997e-04   5.912385e-07   1.506818e-10   8.401524e-14   2.712128e-26   1.973484e-40   4.253706e-57   1.774425e-75   6.254969e-96  8.290941e-119  4.217858e-144  1.047074e-170  4.448343e-188  1.889814e-205
         5.4000   4.306372e-32   1.013656e-14   1.277753e-11   8.182414e-06   4.557118e-01   4.678972e-01   7.454066e-02   1.833706e-03   8.362937e-06   6.882526e-09   1.451778e-11   1.444006e-22   4.532767e-35   6.598801e-50   2.984452e-66   1.756982e-84  6.405760e-105  1.678361e-127  3.214685e-151  1.365712e-168  5.802029e-186
         5.4500   8.973228e-33   2.112166e-15   2.975716e-12   3.165613e-06   3.170667e-01   5.201273e-01   1.547984e-01   7.918937e-03   8.527599e-05   2.039999e-07   1.427958e-09   3.029010e-19   2.737311e-30   1.727552e-43   5.136954e-58   2.925702e-74   1.616863e-92  1.124881e-112  8.183420e-134  3.476607e-151  1.476986e-168
         5.5000   1.817666e-33   4.278519e-16   6.798989e-13   1.157561e-06   1.990412e-01   5.054946e-01   2.679392e-01   2.688353e-02   6.362551e-04   4.028681e-06   8.304325e-08   2.701499e-16   4.907956e-26   9.052076e-38   1.135028e-50   3.851438e-65   1.898611e-81   1.944902e-99  2.857674e-118  1.214041e-135  5.157677e-153
         5.5500   3.524618e-34   8.296431e-17   1.498811e-13   3.945052e-07   1.115770e-01   4.266149e-01   3.860883e-01   7.214113e-02   3.521026e-03   5.428057e-05   2.946400e-06   1.093643e-13   2.901743e-22   1.100906e-32   3.923186e-44   5.157255e-57   1.415141e-71   1.262861e-87  2.134654e-104  9.068765e-122  3.852733e-139
         5.6000   6.436044e-35   1.514950e-17   3.132262e-14   1.237410e-07   5.547840e-02   3.115087e-01   4.636833e-01   1.540964e-01   1.465706e-02   5.105634e-04   6.544654e-05   2.126451e-11   6.195726e-19   3.535766e-28   2.521270e-38   8.760142e-50   8.797921e-63   4.287047e-77   5.048582e-92  2.144816e-109  9.111940e-127
         5.6500   1.097769e-35   2.583987e-18   6.148647e-15   3.544879e-08   2.433750e-02   1.962637e-01   4.648259e-01   2.637381e-01   4.648507e-02   3.422282e-03   9.273671e-04   2.080669e-09   5.158368e-16   3.348816e-24   3.495810e-33   2.285124e-43   5.786645e-55   1.015909e-67   5.330910e-81   2.264759e-98  9.621500e-116
         5.7000   1.717932e-36   4.043758e-19   1.112496e-15   9.127931e-09   9.303790e-03   1.056221e-01   3.864522e-01   3.609583e-01   1.127090e-01   1.651513e-02   8.439311e-03   1.057584e-07   1.774883e-13   1.021376e-20   1.180961e-28   1.073051e-37   4.919801e-48   2.149216e-59   3.374377e-71   1.433555e-88  6.090249e-106
         5.7500   2.363929e-37   5.564341e-20   1.776463e-16   2.027570e-09   2.983348e-03   4.682690e-02   2.578140e-01   3.837114e-01   2.038925e-01   5.632762e-02   4.844152e-02   2.803780e-06   2.593621e-11   1.058472e-17   1.056293e-24   1.018516e-32   6.298634e-42   4.924394e-52   1.622182e-62   6.891602e-80   2.927797e-97
         5.8000   2.656179e-38   6.252255e-21   2.323076e-17   3.612474e-10   7.480448e-04   1.597079e-02   1.292402e-01   2.976960e-01   2.596528e-01   1.287630e-01   1.678913e-01   3.783241e-05   1.603236e-09   3.799625e-15   2.616722e-21   2.103760e-28   1.350568e-36   1.408929e-45   7.097731e-55   3.015367e-72   1.281035e-89
         5.8500   2.375342e-39   5.591206e-22   2.423039e-18   5.038620e-11   1.435207e-04   4.106646e-03   4.782601e-02   1.660957e-01   2.301928e-01   1.959538e-01   3.554142e-01   2.672880e-04   4.391603e-08   5.050620e-13   1.962996e-18   1.060263e-24   5.597000e-32   5.996576e-40   3.485183e-48   1.480629e-65   6.290238e-83
         5.9000   1.869832e-40   4.401310e-23   2.228092e-19   6.087248e-12   2.334673e-05   8.833225e-04   1.452672e-02   7.429591e-02   1.588766e-01   2.228596e-01   5.273816e-01   1.152318e-03   6.314233e-07   2.996549e-11   5.482193e-16   1.638699e-21   5.778572e-28   5.032971e-35   2.625274e-42   2.363957e-76  1.598044e-112
         5.9500   1.470810e-41   3.462069e-24   2.049324e-20   7.241083e-13   3.669043e-06   1.813132e-04   4.139222e-03   3.052166e-02   9.806104e-02   2.183204e-01   6.451478e-01   3.619081e-03   5.774816e-06   9.762998e-10   7.134901e-14   9.912747e-19   1.939384e-24   1.113963e-30   4.169280e-37   1.524131e-67  6.889509e-100
         6.0000   1.240922e-42   2.920947e-25   2.022743e-21   9.109287e-14   5.991811e-07   3.824227e-05   1.193288e-03   1.244514e-02   5.863438e-02   2.001831e-01   7.181887e-01   9.278346e-03   3.818355e-05   2.012033e-08   5.062113e-12   2.792683e-16   2.566813e-21   8.058581e-27   1.772896e-32   1.084938e-59   1.275225e-88
         6.0500   1.149320e-43   2.705329e-26   2.191892e-22   1.240788e-14   1.042221e-07   8.503480e-06   3.575991e-04   5.184017e-03   3.503281e-02   1.777137e-01   7.608941e-01   2.061232e-02   1.964815e-04   2.858469e-07   2.164282e-10   4.112513e-14   1.529166e-18   2.215880e-23   2.398978e-28   1.115900e-52   1.469815e-78
         6.1000   1.165947e-44   2.744468e-27   2.600938e-23   1.828837e-15   1.934064e-08   1.998388e-06   1.118154e-04   2.217810e-03   2.106719e-02   1.542772e-01   7.805486e-01   4.094923e-02   8.231574e-04   2.964223e-06   5.984853e-09   3.444743e-12   4.528711e-16   2.600040e-20   1.182321e-24   2.068371e-46   1.441950e-69
         6.1500   1.284059e-45   3.022487e-28   3.348691e-24   2.891144e-16   3.797640e-09   4.926745e-07   3.624950e-05   9.696614e-04   1.270997e-02   1.308916e-01   7.784727e-01   7.400196e-02   2.893811e-03   2.340519e-05   1.131503e-07   1.757283e-10   7.233318e-14   1.433116e-17   2.376907e-21   8.353331e-41   1.579628e-61
         6.2000   1.509992e-46   3.554299e-29   4.600128e-25   4.828770e-17   7.787367e-10   1.258509e-07   1.204576e-05   4.288715e-04   7.626973e-03   1.078761e-01   7.525391e-01   1.226574e-01   8.712511e-03   1.453527e-04   1.530593e-06   5.783516e-09   6.679545e-12   4.031144e-15   2.150296e-18   8.681370e-36   2.454441e-54
         6.2500   1.867336e-47   4.395434e-30   6.639129e-26   8.385275e-18   1.640537e-10   3.279023e-08   4.042461e-06   1.892647e-04   4.496678e-03   8.552137e-02   6.995489e-01   1.867513e-01   2.274557e-02   7.272849e-04   1.536649e-05   1.288829e-07   3.784146e-10   6.216950e-13   9.534153e-16   2.687250e-31   6.680446e-48
         6.3000   2.372514e-48   5.584549e-31   9.833768e-27   1.481949e-18   3.483447e-11   8.554666e-09   1.346005e-06   8.195628e-05   2.565025e-03   6.437374e-02   6.179891e-01   2.601228e-01   5.176641e-02   2.979810e-03   1.177397e-04   2.022206e-06   1.381813e-08   5.588495e-11   2.229527e-13   2.814497e-27   3.833555e-42
         6.3500   3.033138e-49   7.139560e-32   1.463905e-27   2.609818e-19   7.299156e-12   2.189248e-09   4.359104e-07   3.416703e-05   1.390735e-03   4.529765e-02   5.111930e-01   3.286302e-01   1.026403e-01   1.008807e-02   7.021504e-04   2.302317e-05   3.384423e-07   3.081404e-09   2.925218e-11   1.113543e-23   5.452022e-37
         6.4000   3.809583e-50   8.967198e-33   2.138298e-28   4.475225e-20   1.476396e-12   5.378715e-10   1.344702e-07   1.344053e-05   7.032861e-04   2.929794e-02   3.894690e-01   3.722679e-01   1.764292e-01   2.831792e-02   3.300757e-03   1.944948e-04   5.737342e-06   1.086865e-07   2.267439e-09   1.829503e-20   2.211680e-32
         6.4500   4.594806e-51   1.081550e-33   2.995528e-29   7.307238e-21   2.820890e-13   1.242097e-10   3.870633e-08   4.890692e-06   3.255254e-04   1.712457e-02   2.687537e-01   3.733028e-01   2.609694e-01   6.588485e-02   1.232363e-02   1.238954e-03   6.898786e-05   2.537954e-06   1.083832e-07   1.353782e-17   2.891604e-28
         6.5000   5.203688e-52   1.224872e-34   3.935275e-30   1.111478e-21   4.984054e-14   2.640505e-11   1.018714e-08   1.614141e-06   1.353649e-04   8.892762e-03   1.651411e-01   3.268413e-01   3.290784e-01   1.265980e-01   3.665432e-02   6.014394e-03   5.991949e-04   4.031207e-05   3.307285e-06   4.833042e-15   1.353674e-24
         6.5500   5.398009e-53   1.270612e-35   4.729359e-31   1.537578e-22   7.957382e-15   5.051687e-12   2.397794e-09   4.728966e-07   4.953646e-05   4.024777e-03   8.863166e-02   2.457055e-01   3.491329e-01   1.992214e-01   8.659773e-02   2.232819e-02   3.798290e-03   4.435520e-04   6.604453e-05   8.796687e-13   2.477059e-21
         6.6000   4.979573e-54   1.172118e-36   5.048067e-32   1.878566e-23   1.115194e-15   8.452371e-13   4.907176e-10   1.196350e-07   1.553143e-05   1.547569e-03   4.049419e-02   1.548956e-01   3.052668e-01   2.524663e-01   1.605226e-01   6.296024e-02   1.755697e-02   3.400930e-03   8.731380e-04   8.483951e-11   1.895571e-18
         6.6500   3.914886e-55   9.215065e-38   4.586633e-33   1.944317e-24   1.317064e-16   1.187835e-13   8.389566e-11   2.512295e-08   4.013674e-06   4.868655e-04   1.516381e-02   7.897540e-02   2.126618e-01   2.498692e-01   2.272545e-01   1.318617e-01   5.816681e-02   1.796546e-02   7.590367e-03   4.410699e-09   6.332666e-16
         6.7000   2.470870e-56   5.816065e-39   3.341689e-34   1.606729e-25   1.236178e-17   1.322691e-14   1.130834e-11   4.135025e-09   8.077615e-07   1.185198e-04   4.400313e-03   3.083391e-02   1.119778e-01   1.836886e-01   2.344129e-01   1.964343e-01   1.328526e-01   6.319324e-02   4.208688e-02   1.224629e-07   9.363198e-14
         6.7500   1.179577e-57   2.776551e-40   1.839536e-35   9.990824e-27   8.692201e-19   1.100470e-15   1.133620e-12   5.034268e-10   1.195513e-07   2.109914e-05   9.348689e-04   8.719327e-03   4.222275e-02   9.522578e-02   1.676801e-01   1.987385e-01   2.004694e-01   1.424045e-01   1.435817e-01   1.784620e-06   6.146279e-12
         6.8000   4.301572e-59   1.012527e-41   7.727286e-37   4.723440e-28   4.629152e-20   6.918133e-17   8.550169e-14   4.588396e-11   1.317680e-08   2.783462e-06   1.473067e-04   1.810854e-03   1.157566e-02   3.540645e-02   8.477567e-02   1.395468e-01   2.048538e-01   2.114039e-01   3.104624e-01   1.429335e-05   1.910227e-10
         6.8500   1.334937e-60   3.142245e-43   2.759679e-38   1.892819e-29   2.082906e-21   3.666724e-18   5.415724e-15   3.495939e-12   1.208310e-09   3.041863e-07   1.923730e-05   3.089017e-04   2.583479e-03   1.058645e-02   3.402408e-02   7.654609e-02   1.599751e-01   2.339043e-01   4.819798e-01   7.230734e-05   3.283387e-09
         6.9000   3.989236e-62   9.390074e-45   9.481889e-40   7.277462e-31   8.966278e-23   1.855788e-19   3.263888e-16   2.523674e-13   1.045308e-10   3.124184e-08   2.361488e-06   4.911940e-05   5.331933e-04   2.894837e-03   1.234575e-02   3.742645e-02   1.091644e-01   2.210055e-01   6.163099e-01   2.684584e-04   3.679639e-08
         6.9500   1.240974e-63   2.921071e-46   3.388548e-41   2.902896e-32   3.993806e-24   9.702696e-21   2.025334e-17   1.868577e-14   9.239065e-12   3.267320e-09   2.951431e-07   7.890585e-06   1.103688e-04   7.859309e-04   4.402169e-03   1.775639e-02   7.098656e-02   1.948090e-01   7.103314e-01   8.097175e-04   3.014788e-07
         7.0000   4.168100e-65   9.811094e-48   1.306476e-42   1.246039e-33   1.909217e-25   5.436487e-22   1.342808e-18   1.473049e-15   8.663894e-13   3.614583e-10   3.900479e-08   1.330536e-06   2.382343e-05   2.204433e-04   1.606700e-03   8.525306e-03   4.594826e-02   1.675962e-01   7.739731e-01   2.102811e-03   1.936056e-06
         7.0500   1.526947e-66   3.594208e-49   5.490275e-44   5.821797e-35   9.920728e-27   3.306822e-23   9.638489e-20   1.253177e-16   8.739959e-14   4.290378e-11   5.527060e-09   2.389088e-07   5.442689e-06   6.488023e-05   6.101504e-04   4.215310e-03   3.016750e-02   1.436141e-01   8.164502e-01   4.862034e-03   1.018064e-05
         7.1000   6.110241e-68   1.438261e-50   2.518585e-45   2.963976e-36   5.606983e-28   2.185335e-24   7.497919e-21   1.152086e-17   9.500391e-15   5.474696e-12   8.412488e-10   4.577610e-08   1.319397e-06   2.009945e-05   2.420089e-04   2.156592e-03   2.021066e-02   1.234963e-01   8.436091e-01   1.021863e-02   4.516385e-05
         7.1500   2.655224e-69   6.250007e-52   1.253933e-46   1.635055e-37   3.427908e-29   1.560705e-25   6.289168e-22   1.139042e-18   1.107744e-15   7.478229e-13   1.369235e-10   9.320649e-09   3.380990e-07   6.532540e-06   9.998718e-05   1.139433e-03   1.380552e-02   1.066509e-01   8.583315e-01   1.979298e-02   1.727721e-04
         7.2000   1.241152e-70   2.921488e-53   6.711876e-48   9.685064e-39   2.247488e-30   1.194346e-26   5.641231e-23   1.201427e-19   1.374798e-16   1.085303e-13   2.364998e-11   2.001920e-09   9.093638e-08   2.212650e-06   4.276595e-05   6.183042e-04   9.572569e-03   9.223250e-02   8.612837e-01   3.566834e-02   5.795152e-04
         7.2500   6.177960e-72   1.454201e-54   3.823873e-49   6.097891e-40   1.564187e-31   9.695110e-28   5.357702e-24   1.338933e-20   1.799058e-17   1.658116e-14   4.294704e-12   4.494650e-10   2.544574e-08   7.744626e-07   1.878449e-05   3.420295e-04   6.694152e-03   7.948411e-02   8.515533e-01   6.018056e-02   1.726230e-03
         7.3000   3.238851e-73   7.623778e-56   2.293526e-50   4.036281e-41   1.142854e-32   8.256998e-29   5.329960e-25   1.560047e-21   2.456793e-18   2.639882e-15   8.116053e-13   1.044361e-10   7.335281e-09   2.774822e-07   8.396406e-06   1.912208e-04   4.685093e-03   6.783874e-02   8.272434e-01   9.542315e-02   4.609705e-03
         7.3500   1.764989e-74   4.154523e-57   1.429366e-51   2.774270e-42   8.665417e-34   7.293999e-30   5.491788e-26   1.879436e-22   3.463308e-19   4.333270e-16   1.579069e-13   2.485074e-11   2.155956e-09   1.007512e-07   3.782223e-06   1.070471e-04   3.254078e-03   5.694144e-02   7.861868e-01   1.423991e-01   1.110760e-02
         7.4000   9.886009e-76   2.327021e-58   9.153028e-53   1.957518e-43   6.738976e-35   6.605850e-31   5.793805e-27   2.314872e-23   4.984163e-20   7.253628e-17   3.128520e-14   5.990860e-12   6.392469e-10   3.669078e-08   1.699764e-06   5.942690e-05   2.223143e-03   4.664905e-02   7.269201e-01   1.998980e-01   2.424850e-02
         7.4500   5.622654e-77   1.323490e-59   5.949734e-54   1.401312e-44   5.314226e-36   6.064289e-32   6.188820e-28   2.883006e-24   7.243608e-21   1.225030e-17   6.244587e-15   1.447885e-12   1.892281e-10   1.326657e-08   7.546136e-07   3.240576e-05   1.480856e-03   3.701728e-02   6.499054e-01   2.634990e-01   4.806438e-02
         7.5000   3.215514e-78   7.568846e-61   3.887809e-55   1.007610e-45   4.206091e-37   5.585976e-33   6.626512e-29   3.594943e-25   1.052823e-21   2.067381e-18   1.243758e-15   3.475390e-13   5.540682e-11   4.720026e-09   3.280490e-07   1.721156e-05   9.542806e-04   2.825984e-02   5.586398e-01   3.254928e-01   8.663575e-02
         7.5500   1.833275e-79   4.315260e-62   2.532100e-56   7.218361e-47   3.315405e-38   5.123170e-34   7.058329e-30   4.454884e-26   1.519236e-22   3.461445e-19   2.454336e-16   8.227857e-14   1.593786e-11   1.641556e-09   1.387588e-07   8.849974e-06   5.916702e-04   2.066064e-02   4.598853e-01   3.765064e-01   1.423469e-01
         7.6000   1.037847e-80   2.442938e-63   1.637188e-57   5.131376e-48   2.592168e-39   4.659838e-35   7.450409e-31   5.465856e-27   2.168701e-23   5.729768e-20   4.781908e-17   1.915042e-14   4.489718e-12   5.564643e-10   5.695324e-08   4.394861e-06   3.523002e-04   1.444916e-02   3.623449e-01   4.086342e-01   2.142150e-01
         7.6500   5.833200e-82   1.373049e-64   1.050776e-58   3.619938e-49   2.010723e-40   4.204450e-36   7.796125e-32   6.643073e-28   3.064371e-24   9.383442e-21   9.205954e-18   4.386341e-15   1.239920e-12   1.841038e-10   2.271790e-08   2.111587e-06   2.019128e-04   9.694608e-03   2.741185e-01   4.183873e-01   2.975956e-01
         7.7000   3.267757e-83   7.691819e-66   6.720900e-60   2.544044e-50   1.553318e-41   3.777704e-37   8.119196e-33   8.030298e-29   4.303868e-25   1.526784e-21   1.758788e-18   9.931849e-16   3.372610e-13   5.973836e-11   8.851405e-09   9.868616e-07   1.120326e-04   6.279875e-03   2.004061e-01   4.074981e-01   3.857028e-01
         7.7500   1.833777e-84   4.316441e-67   4.305713e-61   1.790929e-51   1.202102e-42   3.400138e-38   8.466222e-34   9.713953e-30   6.045666e-26   2.483752e-22   3.355783e-19   2.237769e-16   9.095661e-14   1.914324e-11   3.392647e-09   4.519519e-07   6.064992e-05   3.959826e-03   1.427721e-01   3.812954e-01   4.719116e-01
         7.8000   1.037655e-85   2.442486e-68   2.781172e-62   1.271043e-52   9.378330e-44   3.085025e-39   8.895825e-35   1.183528e-30   8.549706e-27   4.066658e-23   6.437684e-20   5.052109e-17   2.449407e-14   6.102655e-12   1.288843e-09   2.044014e-07   3.229562e-05   2.451277e-03   9.996063e-02   3.461456e-01   5.514099e-01
         7.8500   5.953609e-87   1.401392e-69   1.821359e-63   9.144785e-54   7.416522e-45   2.837354e-40   9.471801e-36   1.460642e-31   1.224275e-27   6.740495e-24   1.249058e-20   1.149897e-17   6.627589e-15   1.947951e-12   4.885339e-10   9.192659e-08   1.703872e-05   1.501035e-03   6.930277e-02   3.075352e-01   6.216439e-01
         7.9000   3.476800e-88   8.183874e-71   1.213964e-64   6.696496e-55   5.969889e-46   2.656269e-41   1.026283e-36   1.833843e-32   1.782906e-28   1.136045e-24   2.462144e-21   2.651118e-18   1.810628e-15   6.257599e-13   1.857474e-10   4.134029e-08   8.958791e-06   9.148052e-04   4.786832e-02   2.692996e-01   6.819083e-01
         7.9500   2.072171e-89   4.877586e-72   8.257339e-66   5.004531e-56   4.904599e-47   2.538184e-42   1.134760e-37   2.348958e-33   2.648313e-29   1.952725e-25   4.945951e-22   6.211579e-19   5.011440e-16   2.030433e-13   7.111328e-11   1.866611e-08   4.714923e-06   5.574410e-04   3.308978e-02   2.336819e-01   7.326661e-01
         8.0000   1.263073e-90   2.973087e-73   5.744001e-67   3.823824e-57   4.118603e-48   2.479203e-43   1.282363e-38   3.074514e-34   4.019013e-30   3.428988e-26   1.014293e-22   1.481969e-19   1.408255e-16   6.670288e-14   2.748459e-11   8.485854e-09   2.491364e-06   3.407314e-04   2.296545e-02   2.017336e-01   7.749577e-01
         8.0500   7.862490e-92   1.850714e-74   4.080435e-68   2.985691e-58   3.536835e-49   2.476596e-44   1.481919e-39   4.114568e-35   6.235337e-31   6.155587e-27   2.125136e-23   3.603786e-20   4.022280e-17   2.221550e-14   1.074004e-11   3.891033e-09   1.324363e-06   2.093688e-04   1.603663e-02   1.737439e-01   8.100087e-01
         8.1000   5.007334e-93   1.178653e-75   2.965556e-69   2.384225e-59   3.105232e-50   2.529610e-45   1.750910e-40   5.629347e-36   9.888945e-32   1.129605e-27   4.549103e-24   8.934102e-21   1.168141e-17   7.505389e-15   4.246546e-12   1.801328e-09   7.091073e-07   1.295059e-04   1.128179e-02   1.495735e-01   8.390145e-01
         8.1500   3.254073e-94   7.659609e-77   2.199263e-70   1.943900e-60   2.785229e-51   2.639887e-46   2.113602e-41   7.868459e-37   1.602210e-32   2.117788e-28   9.943854e-25   2.257190e-21   3.448864e-18   2.572214e-15   1.699320e-12   8.422983e-10   3.826734e-07   8.070063e-05   8.001717e-03   1.288754e-01   8.630418e-01
         8.2000   2.155698e-95   5.074195e-78   1.662603e-71   1.616487e-61   2.549417e-52   2.811772e-47   2.604034e-42   1.122480e-37   2.649375e-33   4.052521e-29   2.217633e-25   5.807665e-22   1.034614e-18   8.939287e-16   6.881006e-13   3.978302e-10   2.081871e-07   5.067804e-05   5.723455e-03   1.112274e-01   8.829982e-01
         8.2500   1.456356e-96   3.428048e-79   1.281807e-72   1.370407e-62   2.378298e-53   3.052621e-48   3.270258e-43   1.632249e-38   4.465783e-34   7.905729e-30   5.040148e-26   1.520318e-22   3.151076e-19   3.148427e-16   2.818245e-13   1.897503e-10   1.141723e-07   3.207249e-05   4.128606e-03   9.620384e-02   8.996354e-01
         8.3000   1.001265e-97   2.356831e-80   1.005693e-73   1.182325e-63   2.257943e-54   3.373201e-49   4.180415e-44   2.416099e-39   7.662948e-35   1.570209e-30   1.165907e-26   4.044657e-23   9.734292e-20   1.122892e-16   1.166787e-13   9.135478e-11   6.310061e-08   2.045206e-05   3.002814e-03   8.341081e-02   9.135659e-01
         8.3500   6.988917e-99   1.645088e-81   8.011163e-75   1.036092e-64   2.178359e-55   3.788254e-50   5.431495e-45   3.635254e-40   1.336659e-35   3.170758e-31   2.741354e-27   1.092241e-23   3.046920e-20   4.051810e-17   4.879518e-14   4.437126e-11   3.513158e-08   1.313683e-05   2.201310e-03   7.250044e-02   9.252851e-01
         8.4000  4.948858e-100   1.164888e-82   6.473973e-76   9.211596e-66   2.132353e-56   4.317257e-51   7.162019e-46   5.551481e-41   2.366700e-36   6.500386e-32   6.542546e-28   2.990214e-24   9.652829e-21   1.477797e-17   2.059645e-14   2.172786e-11   1.969422e-08   8.495863e-06   1.625803e-03   6.317368e-02   9.351920e-01
         8.4500  3.547449e-101   8.350173e-84   5.296323e-77   8.293976e-67   2.114716e-57   4.985399e-52   9.570317e-47   8.592178e-42   4.247550e-37   1.351037e-32   1.582738e-28   8.288696e-25   3.091750e-21   5.442668e-18   8.767587e-15   1.071963e-11   1.111011e-08   5.529350e-06   1.209117e-03   5.517767e-02   9.436077e-01
         8.5000  2.572249e-102   6.054694e-85   4.383058e-78   7.554441e-68   2.121666e-58   5.824852e-53   1.294101e-47   1.345862e-42   7.716066e-38   2.842782e-33   3.875826e-29   2.323442e-25   1.000079e-21   2.022169e-18   3.760788e-15   5.324564e-12   6.303526e-09   3.619591e-06   9.049962e-04   4.830073e-02   9.507907e-01
         8.5500  1.883620e-103   4.433763e-86   3.663349e-79   6.950245e-69   2.150443e-59   6.876331e-54   1.768318e-48   2.130620e-43   1.416859e-38   6.047617e-34   9.594982e-30   6.578329e-26   3.263477e-22   7.572099e-19   1.624165e-15   2.660861e-12   3.594813e-09   2.381906e-06   6.813326e-04   4.236658e-02   9.569497e-01
         8.6000  1.390594e-104   3.273254e-87   3.086895e-80   6.448970e-70   2.199017e-60   8.191049e-55   2.438552e-49   3.404493e-44   2.626446e-39   1.299070e-34   2.398308e-30   1.879036e-26   1.073238e-22   2.854999e-19   7.056423e-16   1.336876e-12   2.059390e-09   1.574809e-06   5.156568e-04   3.722892e-02   9.622538e-01
         8.6500  1.034103e-105   2.434126e-88   2.620221e-81   6.028611e-71   2.265880e-61   9.833109e-56   3.389567e-50   5.484097e-45   4.908978e-40   2.814241e-35   6.045496e-31   5.408957e-27   3.553492e-23   1.082934e-19   3.081814e-16   6.748326e-13   1.184452e-09   1.045515e-06   3.921117e-04   3.276636e-02   9.668405e-01
         8.7000  7.737981e-107   1.821407e-89   2.238059e-82   5.671528e-72   2.349884e-62   1.188239e-56   4.743441e-51   8.895350e-46   9.240525e-41   6.141526e-36   1.535117e-31   1.567477e-27   1.183471e-23   4.128955e-20   1.351996e-16   3.420227e-13   6.835468e-10   6.966266e-07   2.994133e-04   2.887813e-02   9.708218e-01
         8.7500  5.817964e-108   1.369463e-90   1.920886e-83   5.362825e-73   2.450119e-63   1.443802e-57   6.675923e-52   1.451310e-46   1.749934e-41   1.348703e-36   3.922673e-32   4.568545e-28   3.961195e-24   1.581168e-20   5.953740e-17   1.739401e-13   3.956008e-10   4.656002e-07   2.294663e-04   2.548046e-02   9.742896e-01
         8.8000  4.392783e-109   1.033996e-91   1.655673e-84   5.092779e-74   2.565820e-64   1.762255e-58   9.439870e-53   2.379393e-47   3.330720e-42   2.977525e-37   1.007711e-32   1.337994e-28   1.331413e-24   6.077109e-21   2.630074e-17   8.871117e-14   2.294898e-10   3.120022e-07   1.764162e-04   2.250348e-02   9.773198e-01
         8.8500  3.328038e-110   7.833712e-93   1.432007e-85   4.853029e-75   2.696295e-65   2.158689e-59   1.339867e-53   3.916391e-48   6.365788e-43   6.602388e-38   2.600270e-33   3.934325e-29   4.490495e-25   2.342622e-21   1.164790e-17   4.534776e-14   1.333768e-10   2.095239e-07   1.359966e-04   1.988880e-02   9.799750e-01
         8.9000  2.526926e-111   5.948012e-94   1.241334e-86   4.635808e-76   2.840862e-66   2.651608e-60   1.907380e-54   6.466355e-49   1.220687e-43   1.469246e-38   6.734062e-34   1.160640e-29   1.518712e-25   9.051548e-22   5.168782e-18   2.322282e-14   7.762744e-11   1.409467e-07   1.050748e-04   1.758737e-02   9.823074e-01
         8.9500  1.921303e-112   4.522465e-95   1.077579e-87   4.435591e-77   2.998804e-67   3.263620e-61   2.721232e-55   1.070187e-49   2.346758e-44   3.278762e-39   1.749008e-34   3.432698e-30   5.147387e-26   3.503579e-22   2.297042e-18   1.190847e-14   4.522639e-11   9.494004e-08   8.133460e-05   1.555787e-02   9.843607e-01
         9.0000  1.460931e-113   3.438816e-96   9.355281e-89   4.246781e-78   3.169335e-68   4.022222e-62   3.888235e-56   1.774156e-50   4.520113e-45   7.332504e-40   4.552735e-35   1.017217e-30   1.747368e-26   1.357830e-22   1.021856e-18   6.112194e-15   2.636627e-11   6.401162e-08   6.305182e-05   1.376530e-02   9.861716e-01
