# CIE ionization fractions for Ar (Z=18)
# Source: CHIANTI v11.0.2 chianti.ioneq (Dere et al. 2009)
# T grid: 101 log-spaced points, 10^4.00 K -> 10^9.00 K
# Generated by pyathena/photchem/data/build_ioneq_tables.py
#
# log_T_K        x_Ar0          x_Ar1          x_Ar2          x_Ar3          x_Ar4          x_Ar5          x_Ar6          x_Ar7          x_Ar8          x_Ar9          x_Ar10         x_Ar11         x_Ar12         x_Ar13         x_Ar14         x_Ar15         x_Ar16         x_Ar17         x_Ar18       
         4.0000   1.804851e-35   4.248354e-18   1.000000e+00   8.899864e-19   7.960958e-44   3.382097e-61   1.436835e-78   6.104182e-96  2.593273e-113  1.101714e-130  4.680472e-148  1.988430e-165  8.447557e-183  3.588821e-200  1.524658e-217  6.477289e-235  2.751782e-252  1.169054e-269  4.966557e-287
         4.0500   1.804851e-35   4.248354e-18   1.000000e+00   1.682889e-16   1.324728e-38   9.910457e-71   4.210313e-88  1.788690e-105  7.598990e-123  3.228320e-140  1.371505e-157  5.826638e-175  2.475362e-192  1.051622e-209  4.467661e-227  1.898021e-244  8.063464e-262  3.425645e-279  1.455335e-296
         4.1000   1.804851e-35   4.248354e-18   1.000000e+00   1.825782e-14   6.152061e-34   2.262334e-62   9.611197e-80   4.083177e-97  1.734678e-114  7.369528e-132  3.130836e-149  1.330090e-166  5.650694e-184  2.400615e-201  1.019866e-218  4.332754e-236  1.840707e-253  7.819976e-271  3.322203e-288
         4.1500   1.804851e-35   4.248354e-18   1.000000e+00   1.208861e-12   9.157881e-30   6.650563e-55   2.068621e-86  8.788234e-104  3.733553e-121  1.586146e-138  6.738509e-156  2.862757e-173  1.216201e-190  5.166851e-208  2.195062e-225  9.325399e-243  3.961760e-260  1.683096e-277  7.150388e-295
         4.2000   1.804851e-35   4.248354e-18   1.000000e+00   5.158334e-11   4.942609e-26   3.144577e-48   3.602447e-76   1.530447e-93  6.501882e-111  2.762230e-128  1.173493e-145  4.985414e-163  2.117980e-180  8.997931e-198  3.822640e-215  1.623993e-232  6.899297e-250  2.931066e-267  1.245221e-284
         4.2500   1.804851e-35   4.248354e-18   1.000000e+00   1.488047e-09   1.079122e-22   2.913085e-42   5.099697e-67   2.166532e-84  9.204195e-102  3.910268e-119  1.661220e-136  7.057453e-154  2.998256e-171  1.273765e-188  5.411406e-206  2.298957e-223  9.766784e-241  4.149276e-258  1.762759e-275
         4.3000   1.804851e-35   4.248354e-18   1.000000e+00   3.025234e-08   1.050226e-19   6.294338e-37   7.681139e-59   3.979723e-89  1.690727e-106  7.182809e-124  3.051512e-141  1.296390e-158  5.507525e-176  2.339792e-193  9.940265e-211  4.222977e-228  1.794070e-245  7.621845e-263  3.238030e-280
         4.3500   1.804851e-35   4.248352e-18   9.999996e-01   4.492164e-07   4.961919e-17   3.696534e-32   1.559984e-51   2.175857e-78  8.678994e-110  3.687144e-127  1.566429e-144  6.654747e-162  2.827172e-179  1.201083e-196  5.102626e-214  2.167776e-231  9.209482e-249  3.912514e-266  1.662175e-283
         4.4000   1.804842e-35   4.248333e-18   9.999950e-01   5.021285e-06   1.225413e-14   6.738874e-28   5.254645e-45   8.318648e-69   1.228493e-96  5.219075e-114  2.217248e-131  9.419655e-149  4.001803e-166  1.700108e-183  7.222660e-201  3.068442e-218  1.303583e-235  5.538082e-253  2.352773e-270
         4.4500   1.804773e-35   4.248170e-18   9.999567e-01   4.330942e-05   1.683751e-12   4.272629e-24   3.511596e-39   2.895138e-60   6.572363e-85  2.792173e-102  1.186214e-119  5.039457e-137  2.140940e-154  9.095471e-172  3.864078e-189  1.641597e-206  6.974087e-224  2.962839e-241  1.258719e-258
         4.5000   1.804321e-35   4.247106e-18   9.997062e-01   2.937854e-04   1.353388e-10   1.036172e-20   5.424784e-34   1.152176e-52   1.836976e-74   7.804126e-92  3.315469e-109  1.408529e-126  5.983929e-144  2.542185e-161  1.080010e-178  4.588266e-196  1.949258e-213  8.281139e-231  3.518121e-248
         4.5500   1.801986e-35   4.241610e-18   9.984125e-01   1.587454e-03   6.604790e-09   1.038390e-17   2.202084e-29   6.395578e-46   3.563096e-65   1.513729e-82  6.430859e-100  2.732057e-117  1.160674e-134  4.930956e-152  2.094845e-169  8.899643e-187  3.780884e-204  1.606253e-221  6.823933e-239
         4.6000   1.792443e-35   4.219146e-18   9.931247e-01   6.875079e-03   2.005918e-07   4.572526e-15   2.613060e-25   5.901962e-40   6.167965e-57   2.620370e-74   1.113226e-91  4.729378e-109  2.009208e-126  8.535825e-144  3.626321e-161  1.540590e-178  6.544970e-196  2.780535e-213  1.181270e-230
         4.6500   1.761740e-35   4.146876e-18   9.761135e-01   2.388261e-02   3.852697e-06   9.307909e-13   9.933081e-22   1.061399e-34   1.195285e-49   5.077993e-67   2.157311e-84  9.165022e-102  3.893626e-119  1.654150e-136  7.027417e-154  2.985495e-171  1.268344e-188  5.388376e-206  2.289173e-223
         4.7000   1.684790e-35   3.965748e-18   9.334787e-01   6.647379e-02   4.752639e-05   9.198582e-11   1.319256e-18   4.322258e-30   3.200489e-43   1.359681e-60   5.776407e-78   2.454022e-95  1.042556e-112  4.429145e-130  1.881658e-147  7.993949e-165  3.396113e-182  1.442789e-199  6.129479e-217
         4.7500   1.535753e-35   3.614937e-18   8.509030e-01   1.487110e-01   3.859653e-04   4.673739e-09   6.719217e-16   4.630001e-26   1.451545e-37   6.166676e-55   2.619822e-72   1.112993e-89  4.728390e-107  2.008788e-124  8.534042e-142  3.625563e-159  1.540268e-176  6.543603e-194  2.779954e-211
         4.8000   1.311793e-35   3.087768e-18   7.268152e-01   2.710360e-01   2.148661e-03   1.311829e-07   1.458845e-13   1.523352e-22   1.365994e-32   3.282866e-65   1.394678e-82  5.925085e-100  2.517186e-117  1.069390e-134  4.543146e-152  1.930090e-169  8.199704e-187  3.483525e-204  1.479925e-221
         4.8500   1.044146e-35   2.457766e-18   5.785220e-01   4.128169e-01   8.658838e-03   2.211882e-06   1.515824e-11   1.802161e-19   3.258786e-28   4.163361e-57   1.480787e-90  6.290908e-108  2.672601e-125  1.135415e-142  4.823647e-160  2.049256e-177  8.705966e-195  3.698603e-212  1.571298e-229
         4.9000   7.781347e-36   1.831614e-18   4.311350e-01   5.420671e-01   2.677346e-02   2.438350e-05   8.446736e-10   8.900808e-17   2.377177e-24   6.432616e-50   1.288675e-79  3.898773e-114  1.656337e-131  7.036706e-149  2.989442e-166  1.270021e-183  5.395498e-201  2.292199e-218  9.738073e-236
         4.9500   5.465230e-36   1.286435e-18   3.028077e-01   6.302654e-01   6.673789e-02   1.889764e-04   2.785879e-08   2.087722e-14   6.239832e-21   1.572449e-43   6.986393e-70  1.251023e-100  5.314791e-118  2.257911e-135  9.592408e-153  4.075195e-170  1.731287e-187  7.355121e-205  3.124716e-222
         5.0000   3.623380e-36   8.528903e-19   2.007578e-01   6.594139e-01   1.387412e-01   1.086510e-03   5.870568e-07   2.576331e-12   6.729862e-18   7.581933e-38   3.248311e-61   1.349056e-88  1.234433e-119  1.271679e-154  5.402542e-172  2.295191e-189  9.750785e-207  4.142479e-224  1.759872e-241
         5.0500   2.258512e-36   5.316204e-19   1.251356e-01   6.246780e-01   2.453714e-01   4.806592e-03   8.360083e-06   1.809358e-10   3.314188e-15   8.667416e-33   1.701747e-53   7.103305e-78  1.749087e-105  1.161529e-136  1.048337e-171  4.453708e-189  1.892093e-206  8.038281e-224  3.414946e-241
         5.1000   1.315935e-36   3.097518e-19   7.291101e-02   5.366315e-01   3.735839e-01   1.678964e-02   8.395624e-05   7.695155e-09   8.122545e-13   2.746234e-28   1.272266e-46   2.532472e-68   7.133179e-93  1.188487e-120  6.142922e-152  7.157789e-187  3.040882e-204  1.291874e-221  5.488340e-239
         5.1500   7.137044e-37   1.679955e-19   3.954367e-02   4.184748e-01   4.940908e-01   4.727473e-02   6.157493e-04   2.087823e-07   1.066230e-10   2.762431e-24   1.670979e-40   8.166118e-60   1.226935e-81  2.209527e-106  2.583000e-134  1.734825e-165  1.037219e-198  4.406472e-216  1.872025e-233
         5.2000   3.589996e-37   8.450321e-20   1.989081e-02   2.963117e-01   5.713381e-01   1.090620e-01   3.393538e-03   3.774510e-06   7.980143e-09   9.922888e-21   4.626162e-35   3.075182e-52   1.249309e-71   1.146992e-93  1.324488e-118  2.025193e-146  5.007723e-176  2.127458e-193  9.038195e-211
         5.2500   1.663870e-37   3.916505e-20   9.218876e-03   1.898283e-01   5.784202e-01   2.081450e-01   1.434017e-02   4.701313e-05   3.580622e-07   1.404730e-17   3.156212e-30   1.688190e-45   1.013335e-62   2.426362e-82  1.322935e-104  2.014990e-129  8.451198e-156  3.590368e-173  1.525316e-190
         5.3000   7.027091e-38   1.654074e-20   3.893446e-03   1.090665e-01   5.102531e-01   3.293723e-01   4.699187e-02   4.128217e-04   1.000005e-05   8.490907e-15   6.050929e-26   1.633169e-39   8.465400e-55   2.908749e-72   3.881734e-92  2.822830e-114  9.074821e-138  3.855305e-155  1.637870e-172
         5.3500   2.668182e-38   6.280507e-21   1.478339e-03   5.555130e-02   3.889643e-01   4.311538e-01   1.200770e-01   2.596502e-03   1.787487e-04   2.340372e-12   3.642991e-22   3.277084e-34   9.102486e-48   2.636745e-63   4.801016e-81  8.664408e-101  1.051912e-121  4.468893e-139  1.898544e-156
         5.4000   9.004630e-39   2.119557e-21   4.989125e-04   2.483405e-02   2.543862e-01   4.659250e-01   2.404023e-01   1.186190e-02   2.091714e-03   3.114673e-10   7.593481e-19   1.574554e-29   1.533632e-41   2.333696e-55   3.449005e-71   8.629580e-89  2.105500e-107  8.944911e-125  3.800115e-142
         5.4500   2.670964e-39   6.287056e-22   1.479880e-04   9.647860e-03   1.416546e-01   4.143432e-01   3.781454e-01   3.979133e-02   1.626957e-02   2.098557e-08   5.957496e-16   2.051736e-25   4.806166e-36   2.523750e-48   1.908481e-62   3.943399e-78   1.102097e-94  4.682099e-112  1.989121e-129
         5.5000   6.730636e-40   1.584292e-22   3.729191e-05   3.151592e-03   6.511386e-02   2.951109e-01   4.571845e-01   9.657899e-02   8.282215e-02   7.264560e-07   1.844439e-13   7.884153e-22   3.175315e-31   3.962646e-42   1.017652e-54   1.095049e-68   2.124225e-83  9.024461e-101  3.833911e-118
         5.5500   1.338906e-40   3.151588e-23   7.418375e-06   8.050991e-04   2.301830e-02   1.573584e-01   3.989350e-01   1.602702e-01   2.595931e-01   1.249809e-05   2.244499e-11   9.192416e-19   4.720706e-27   1.005655e-36   6.093371e-48   2.265309e-60   1.951783e-73   8.291865e-91  3.522678e-108
         5.6000   2.073111e-41   4.879799e-24   1.148633e-06   1.587055e-04   6.184186e-03   6.225656e-02   2.499888e-01   1.819449e-01   4.993565e-01   1.091905e-04   1.125925e-09   3.510064e-16   1.761053e-23   4.774530e-32   4.937687e-42   4.401340e-53   1.131496e-64   4.806994e-82   2.042181e-99
         5.6500   2.853468e-42   6.716644e-25   1.580999e-07   2.758970e-05   1.444971e-03   2.096645e-02   1.295093e-01   1.634561e-01   6.840213e-01   5.741945e-04   2.823395e-08   5.459028e-14   2.110175e-20   5.609347e-28   7.423746e-37   1.146081e-46   6.167154e-57   2.620026e-74   1.113080e-91
         5.7000   4.035644e-43   9.499312e-26   2.235998e-08   4.891941e-06   3.399954e-04   6.974835e-03   6.456210e-02   1.358294e-01   7.900972e-01   2.191178e-03   4.351536e-07   4.345765e-12   1.046946e-17   2.163407e-24   2.835621e-32   5.674518e-41   4.660162e-50   1.979802e-67   8.410900e-85
         5.7500   6.250512e-44   1.471278e-26   3.463173e-09   9.434034e-07   8.599511e-05   2.451294e-03   3.321052e-02   1.123624e-01   8.451175e-01   6.766726e-03   4.674353e-06   2.045839e-10   2.540574e-15   3.317282e-21   3.427129e-28   6.865903e-36   6.493982e-44   2.758874e-61   1.172067e-78
         5.8000   1.068533e-44   2.515169e-27   5.920338e-10   1.995310e-07   2.359811e-05   9.201357e-04   1.786216e-02   9.405738e-02   8.692944e-01   1.780475e-02   3.738018e-05   6.180273e-09   3.335364e-13   2.285634e-18   1.518364e-24   2.417938e-31   2.049509e-38   1.274789e-72   5.415754e-90
         5.8500   1.987227e-45   4.677640e-28   1.101048e-10   4.563822e-08   6.933536e-06   3.645937e-04   9.947861e-03   7.912081e-02   8.694327e-01   4.089596e-02   2.309651e-04   1.260187e-07   2.533299e-11   7.709165e-16   2.745765e-21   2.827388e-27   1.717482e-33   4.744873e-64   8.288265e-97
         5.9000   3.935312e-46   9.263144e-29   2.180408e-11   1.105389e-08   2.137463e-06   1.496281e-04   5.638633e-03   6.590272e-02   8.442243e-01   8.295154e-02   1.129197e-03   1.797215e-06   1.170221e-09   1.359814e-13   2.207213e-18   1.221128e-23   4.355601e-29   2.181670e-56   1.146632e-85
         5.9500   8.109774e-47   1.908921e-29   4.493320e-12   2.771801e-09   6.763996e-07   6.229347e-05   3.190951e-03   5.344063e-02   7.895269e-01   1.493167e-01   4.443378e-03   1.843639e-05   3.425563e-08   1.325621e-11   8.477546e-16   2.132697e-20   3.740151e-25   1.528391e-49   1.025320e-75
         6.0000   1.700952e-47   4.003790e-30   9.424332e-13   7.040165e-10   2.151101e-07   2.578172e-05   1.769226e-03   4.148907e-02   7.034497e-01   2.388619e-01   1.426405e-02   1.393959e-04   6.592655e-07   7.505448e-10   1.659490e-13   1.632780e-17   1.201823e-21   1.966594e-43   7.842493e-67
         6.0500   3.559301e-48   8.378071e-31   1.972075e-13   1.776083e-10   6.745505e-08   1.041683e-05   9.449593e-04   3.038216e-02   5.904725e-01   3.395861e-01   3.780032e-02   7.948212e-04   8.640235e-06   2.587226e-08   1.758672e-11   5.904736e-15   1.584222e-18   5.505142e-38   6.604991e-59
         6.1000   7.307873e-49   1.720166e-31   4.049016e-14   4.378350e-11   2.053105e-08   4.047494e-06   4.794722e-04   2.073587e-02   4.624660e-01   4.291132e-01   8.362589e-02   3.495086e-03   7.982747e-05   5.686279e-07   1.069233e-09   1.082835e-12   9.338640e-16   3.915904e-33   7.704526e-52
         6.1500   1.453038e-49   3.420238e-32   8.050735e-15   1.041280e-11   5.991252e-09   1.494921e-06   2.286767e-04   1.307488e-02   3.355023e-01   4.823954e-01   1.561376e-01   1.211352e-02   5.377380e-04   8.334096e-06   3.942640e-08   1.077497e-10   2.670365e-13   8.164722e-29   1.533935e-45
         6.2000   2.768996e-50   6.517808e-33   1.534196e-15   2.365183e-12   1.660248e-09   5.201478e-07   1.016891e-04   7.568608e-03   2.242163e-01   4.830494e-01   2.484909e-01   3.376164e-02   2.725035e-03   8.496024e-05   9.287108e-07   6.198643e-09   3.994711e-11   5.684717e-25   6.298584e-40
         6.2500   5.009083e-51   1.179064e-33   2.775344e-16   5.083454e-13   4.330410e-10   1.690798e-07   4.184610e-05   3.998595e-03   1.372897e-01   4.308682e-01   3.395754e-01   7.691816e-02   1.066805e-02   6.249835e-04   1.463052e-05   2.182059e-07   3.344907e-09   1.484926e-21   6.315649e-35
         6.3000   8.502285e-52   2.001313e-34   4.710795e-17   1.022162e-13   1.051571e-10   5.081276e-08   1.578125e-05   1.912288e-03   7.640400e-02   3.410864e-01   3.994093e-01   1.447099e-01   3.288394e-02   3.413306e-03   1.599312e-04   4.927629e-06   1.659404e-07   1.608867e-18   1.791590e-30
         6.3500   1.332371e-52   3.136206e-35   7.382167e-18   1.892481e-14   2.340757e-11   1.390634e-08   5.376073e-06   8.171271e-04   3.814292e-02   2.373441e-01   4.024711e-01   2.252379e-01   8.056854e-02   1.408922e-02   1.244575e-03   7.394770e-05   5.095723e-06   7.852653e-16   1.628064e-26
         6.4000   1.886060e-53   4.439508e-36   1.044995e-18   3.157400e-15   4.676032e-12   3.394539e-09   1.621269e-06   3.061187e-04   1.675777e-02   1.428187e-01   3.431891e-01   2.880298e-01   1.568017e-01   4.425044e-02   6.990677e-03   7.542946e-04   9.982183e-05   1.841953e-13   5.247326e-23
         6.4500   2.345944e-54   5.522007e-37   1.299799e-19   4.618559e-16   8.159112e-13   7.195808e-10   4.216473e-07   9.805682e-05   6.317004e-03   7.261891e-02   2.427728e-01   2.979691e-01   2.399302e-01   1.053295e-01   2.841146e-02   5.283872e-03   1.268592e-03   2.177553e-11   6.502516e-20
         6.5000   2.469989e-55   5.813991e-38   1.368528e-20   5.707431e-17   1.198586e-13   1.277257e-10   9.122858e-08   2.593379e-05   1.972167e-03   3.017243e-02   1.381422e-01   2.426470e-01   2.820669e-01   1.866732e-01   8.255062e-02   2.528679e-02   1.046276e-02   1.333833e-09   3.280435e-17
         6.5500   2.082224e-56   4.901248e-39   1.153682e-21   5.637160e-18   1.402855e-14   1.797128e-11   1.555235e-08   5.368198e-06   4.831709e-04   9.720800e-03   6.012963e-02   1.483450e-01   2.438314e-01   2.368035e-01   1.656723e-01   8.034107e-02   5.466774e-02   4.233693e-08   6.917543e-15
         6.6000   1.327853e-57   3.125571e-40   7.357133e-23   4.205169e-19   1.236547e-15   1.895210e-12   1.976055e-09   8.232866e-07   8.789637e-05   2.300639e-03   1.900117e-02   6.476967e-02   1.478571e-01   2.058861e-01   2.208620e-01   1.637670e-01   1.754669e-01   6.897892e-07   6.183206e-13
         6.6500   6.518832e-59   1.534437e-41   3.611839e-24   2.411533e-20   8.357092e-17   1.525598e-13   1.906476e-10   9.537088e-08   1.209865e-05   4.080178e-04   4.453104e-03   2.067081e-02   6.452256e-02   1.262527e-01   2.020126e-01   2.220865e-01   3.595755e-01   6.109356e-06   2.533309e-11
         6.7000   2.763412e-60   6.504665e-43   1.531102e-25   1.192667e-21   4.859345e-18   1.052174e-14   1.568219e-11   9.375429e-09   1.415049e-06   6.094580e-05   8.709760e-04   5.434711e-03   2.288121e-02   6.181905e-02   1.439669e-01   2.282645e-01   5.366661e-01   3.411008e-05   5.620586e-10
         6.7500   1.143350e-61   2.691277e-44   6.334870e-27   5.750790e-23   2.748762e-19   7.032081e-16   1.244381e-12   8.853793e-10   1.591258e-07   8.682221e-06   1.611489e-04   1.335986e-03   7.495618e-03   2.753333e-02   9.130195e-02   2.035945e-01   6.684291e-01   1.395561e-04   7.981097e-09
         6.8000   4.973610e-63   1.170714e-45   2.755689e-28   2.912587e-24   1.629970e-20   4.909044e-17   1.027010e-13   8.664255e-11   1.855119e-08   1.272761e-06   3.045696e-05   3.319365e-04   2.455213e-03   1.209514e-02   5.599076e-02   1.715733e-01   7.570601e-01   4.617384e-04   8.123551e-08
         6.8500   2.353207e-64   5.539103e-47   1.303823e-29   1.603114e-25   1.048515e-21   3.705210e-18   9.128200e-15   9.100952e-12   2.321650e-09   1.989157e-07   6.096108e-06   8.649480e-05   8.353197e-04   5.451897e-03   3.460240e-02   1.426039e-01   8.151068e-01   1.306323e-03   6.349926e-07
         6.9000   1.225025e-65   2.883528e-48   6.787400e-31   9.701372e-27   7.403591e-23   3.060309e-19   8.845898e-16   1.039222e-12   3.157812e-10   3.357280e-08   1.309651e-06   2.397516e-05   2.996727e-04   2.563035e-03   2.193700e-02   1.191689e-01   8.527381e-01   3.263951e-03   3.983350e-06
         6.9500   7.015852e-67   1.651428e-49   3.887219e-32   6.454821e-28   5.739155e-24   2.767116e-20   9.352658e-17   1.291291e-13   4.671393e-11   6.126421e-09   3.024797e-07   7.085115e-06   1.137049e-04   1.261793e-03   1.434301e-02   1.007997e-01   8.761030e-01   7.350746e-03   2.068089e-05
         7.0000   4.392409e-68   1.033908e-50   2.433668e-33   4.692385e-29   4.854305e-25   2.722942e-21   1.072794e-17   1.736641e-14   7.473923e-12   1.202487e-09   7.474614e-08   2.222791e-06   4.546491e-05   6.487182e-04   9.655988e-03   8.628761e-02   8.881375e-01   1.513149e-02   9.095561e-05
         7.0500   2.976709e-69   7.006735e-52   1.649282e-34   3.690813e-30   4.437054e-26   2.888767e-22   1.322838e-18   2.505526e-15   1.281561e-12   2.516652e-10   1.959653e-08   7.344650e-07   1.901624e-05   3.459916e-04   6.655976e-03   7.444984e-02   8.894267e-01   2.875664e-02   3.451116e-04
         7.1000   2.158098e-70   5.079846e-53   1.195721e-35   3.104499e-31   4.332344e-27   3.266743e-23   1.734100e-19   3.835823e-16   2.329259e-13   5.556405e-11   5.394262e-09   2.530544e-07   8.240781e-06   1.897300e-04   4.660580e-03   6.433830e-02   8.788445e-01   5.081228e-02   1.146088e-03
         7.1500   1.652495e-71   3.889729e-54   9.155849e-37   2.757172e-32   4.461890e-28   3.889029e-24   2.387327e-20   6.157043e-17   4.433186e-14   1.279009e-11   1.541041e-09   8.990037e-08   3.660223e-06   1.058778e-04   3.284271e-03   5.526578e-02   8.541163e-01   8.385574e-02   3.368230e-03
         7.2000   1.318583e-72   3.103750e-55   7.305770e-38   2.551111e-33   4.783153e-29   4.810675e-25   3.407431e-21   1.023125e-17   8.723406e-15   3.031497e-12   4.513267e-10   3.254112e-08   1.647035e-06   5.946208e-05   2.305596e-03   4.678737e-02   8.124965e-01   1.295199e-01   8.829552e-03
         7.2500   1.081374e-73   2.545395e-56   5.991485e-39   2.425569e-34   5.264687e-30   6.100288e-26   4.975634e-22   1.737121e-18   1.751491e-15   7.303987e-13   1.337935e-10   1.185342e-08   7.418137e-07   3.321732e-05   1.595099e-03   3.868138e-02   7.517488e-01   1.871926e-01   2.074814e-02
         7.3000   8.989849e-75   2.116078e-57   4.980936e-40   2.337459e-35   5.868884e-31   7.823626e-27   7.334874e-23   2.974128e-19   3.541233e-16   1.765976e-13   3.963675e-11   4.291240e-09   3.303547e-07   1.824062e-05   1.075685e-03   3.093559e-02   6.715232e-01   2.526328e-01   4.381409e-02
         7.3500   7.478988e-76   1.760444e-58   4.143825e-41   2.253950e-36   6.542122e-32   1.002079e-27   1.078103e-23   5.071986e-20   7.121753e-17   4.233664e-14   1.159595e-11   1.526185e-09   1.438192e-07   9.738051e-06   6.998921e-04   2.372115e-02   5.748630e-01   3.174607e-01   8.324535e-02
         7.4000   6.162467e-77   1.450554e-59   3.414391e-42   2.152474e-37   7.217958e-33   1.268954e-28   1.564363e-24   8.531525e-21   1.410769e-17   9.968352e-15   3.318700e-12   5.283854e-10   6.066379e-08   5.011027e-06   4.359258e-04   1.732329e-02   4.689322e-01   3.707500e-01   1.425535e-01
         7.4500   4.999423e-78   1.176790e-60   2.769991e-43   2.023815e-38   7.836373e-34   1.579680e-29   2.228550e-25   1.407836e-21   2.737948e-18   2.293408e-15   9.244763e-13   1.772354e-10   2.467985e-08   2.474901e-06   2.589869e-04   1.201781e-02   3.637952e-01   4.029162e-01   2.210094e-01
         7.5000   3.991845e-79   9.396215e-62   2.211731e-44   1.872797e-39   8.369369e-35   1.932842e-30   3.116748e-26   2.279221e-22   5.206542e-19   5.157645e-16   2.507774e-13   5.764014e-11   9.693024e-09   1.174611e-06   1.470350e-04   7.941103e-03   2.692322e-01   4.098005e-01   3.128779e-01
         7.5500   3.151396e-80   7.417923e-63   1.746070e-45   1.713543e-40   8.834201e-36   2.335582e-31   4.300330e-27   3.638283e-23   9.750405e-20   1.139798e-16   6.660087e-14   1.827792e-11   3.696712e-09   5.390032e-07   8.030369e-05   5.034923e-03   1.915142e-01   3.939115e-01   4.094585e-01
         7.6000   2.478358e-81   5.833690e-64   1.373165e-46   1.561885e-41   9.285916e-37   2.808631e-32   5.899376e-28   5.771682e-24   1.812575e-20   2.495492e-17   1.746058e-14   5.699797e-12   1.381014e-09   2.412977e-07   4.259305e-05   3.094038e-03   1.322737e-01   3.621500e-01   5.024394e-01
         7.6500   1.957329e-82   4.607263e-65   1.084482e-47   1.429777e-42   9.799394e-38   3.388981e-33   8.114053e-29   9.176160e-25   3.373332e-21   5.460266e-18   4.558787e-15   1.763842e-12   5.100678e-10   1.063935e-07   2.215928e-05   1.862111e-03   8.963285e-02   3.222783e-01   5.862045e-01
         7.7000   1.563288e-83   3.679749e-66   8.661587e-49   1.323720e-43   1.045567e-38   4.132525e-34   1.127041e-29   1.472805e-25   6.331682e-22   1.203069e-18   1.194518e-15   5.459814e-13   1.877760e-10   4.659329e-08   1.140782e-05   1.107672e-03   6.013608e-02   2.805029e-01   6.582419e-01
         7.7500   1.269244e-84   2.987614e-67   7.032402e-50   1.245932e-44   1.133863e-39   5.119690e-35   1.589511e-30   2.399577e-26   1.205286e-22   2.684585e-19   3.159619e-16   1.700849e-13   6.933817e-11   2.039978e-08   5.851655e-06   6.559528e-04   4.023179e-02   2.407515e-01   7.183549e-01
         7.8000   1.051099e-85   2.474131e-68   5.823740e-51   1.196270e-45   1.254024e-40   6.466424e-36   2.284322e-31   3.982927e-27   2.335501e-23   6.090485e-20   8.470603e-17   5.355048e-14   2.579597e-11   8.971290e-09   3.005759e-06   3.887452e-04   2.697750e-02   2.050011e-01   7.676296e-01
         7.8500   8.894653e-87   2.093670e-69   4.928191e-52   1.173814e-46   1.417102e-41   8.342886e-37   3.351932e-32   6.749092e-28   4.616573e-24   1.408027e-20   2.307232e-17   1.708553e-14   9.696683e-12   3.975209e-09   1.551318e-06   2.313902e-04   1.819461e-02   1.739210e-01   8.076515e-01
         7.9000   7.696524e-88   1.811648e-70   4.264353e-53   1.177881e-47   1.637402e-42   1.100355e-37   5.026217e-33   1.168553e-28   9.318089e-25   3.320714e-21   6.393080e-18   5.532202e-15   3.689018e-12   1.778139e-09   8.062234e-07   1.386492e-04   1.236953e-02   1.474395e-01   8.400515e-01
         7.9500   6.808914e-89   1.602718e-71   3.772562e-54   1.208582e-48   1.934287e-43   1.483498e-38   7.701883e-34   2.067435e-29   1.920674e-25   7.991360e-22   1.802800e-18   1.819018e-15   1.421562e-12   8.037484e-10   4.224429e-07   8.375045e-05   8.487802e-03   1.251314e-01   8.662967e-01
         8.0000   6.154272e-90   1.448625e-72   3.409850e-55   1.267137e-49   2.334578e-44   2.043188e-39   1.205363e-34   3.735670e-30   4.041130e-26   1.961692e-22   5.172826e-19   6.073690e-16   5.549837e-13   3.672889e-10   2.233145e-07   5.103606e-05   5.882379e-03   1.064456e-01   8.876208e-01
         8.0500   5.677199e-91   1.336329e-73   3.145521e-56   1.356090e-50   2.875893e-45   2.871897e-40   1.924857e-35   6.887607e-31   8.671871e-27   4.908465e-23   1.509409e-19   2.058633e-16   2.194681e-13   1.696814e-10   1.191223e-07   3.138445e-05   4.118304e-03   9.082464e-02   9.050256e-01
         8.1000   5.338235e-92   1.256542e-74   2.957715e-57   1.479516e-51   3.611369e-46   4.114727e-41   3.132797e-36   1.294312e-31   1.895911e-27   1.250663e-23   4.475411e-20   7.078425e-17   8.787000e-14   7.922910e-11   6.411500e-08   1.947568e-05   2.912416e-03   7.775942e-02   9.193086e-01
         8.1500   5.109298e-93   1.202653e-75   2.830869e-58   1.643280e-52   4.616458e-47   6.001241e-42   5.189839e-37   2.475871e-32   4.217842e-28   3.241335e-24   1.347059e-20   2.467031e-17   3.559705e-14   3.737351e-11   3.480923e-08   1.219305e-05   2.079848e-03   6.680887e-02   9.310991e-01
         8.2000   4.970414e-94   1.169962e-76   2.753919e-59   1.855380e-53   5.998737e-48   8.897267e-43   8.739114e-38   4.814496e-33   9.536055e-29   8.534307e-25   4.111596e-21   8.707597e-18   1.458046e-14   1.780021e-11   1.905534e-08   7.698636e-06   1.499230e-03   5.760199e-02   9.408911e-01
         8.2500   4.907429e-95   1.155136e-77   2.719021e-60   2.126405e-54   7.912141e-49   1.338958e-43   1.493712e-38   9.504117e-34   2.188159e-29   2.279967e-25   1.271243e-21   3.109494e-18   6.033424e-15   8.554389e-12   1.051255e-08   4.899981e-06   1.090286e-03   4.983192e-02   9.490729e-01
         8.3000   4.910376e-96   1.155830e-78   2.720654e-61   2.470131e-55   1.057760e-49   2.042474e-44   2.587911e-39   1.902031e-34   5.089168e-30   6.172452e-26   3.977032e-22   1.122331e-18   2.520174e-15   4.145314e-12   5.841531e-09   3.142140e-06   7.994677e-04   4.324734e-02   9.559500e-01
         8.3500   4.972340e-97   1.170416e-79   2.754986e-62   2.904294e-56   1.431299e-50   3.153729e-45   4.538637e-40   3.853777e-35   1.198144e-30   1.691280e-26   1.257550e-22   4.090384e-19   1.061708e-15   2.024058e-12   3.267506e-09   2.028907e-06   5.907299e-04   3.764336e-02   9.617639e-01
         8.4000   5.088635e-98   1.197790e-80   2.819420e-63   3.451567e-57   1.957662e-51   4.922552e-46   8.046834e-41   7.895075e-36   2.851803e-31   4.684646e-27   4.014780e-23   1.503829e-19   4.507383e-16   9.951221e-13   1.838716e-09   1.318410e-06   4.395791e-04   3.285332e-02   9.667058e-01
         8.4500   5.256209e-99   1.237234e-81   2.912267e-64   4.140786e-58   2.703019e-52   7.757118e-47   1.440465e-41   1.633381e-36   6.854150e-32   1.310194e-27   1.292762e-23   5.572053e-20   1.926784e-16   4.922787e-13   1.040299e-09   8.616566e-07   3.292131e-04   2.874161e-02   9.709283e-01
         8.5000  5.473205e-100   1.288312e-82   3.032496e-65   5.008480e-59   3.763004e-53   1.232620e-47   2.600403e-42   3.408537e-37   1.661547e-32   3.695804e-28   4.194356e-24   2.078843e-20   8.286801e-17   2.448655e-13   5.914068e-10   5.660550e-07   2.479956e-04   2.519774e-02   9.745537e-01
         8.5500  5.738621e-101   1.350787e-83   3.179553e-66   6.100758e-60   5.275897e-54   1.972797e-48   4.728796e-43   7.166621e-38   4.058126e-33   1.050365e-28   1.369916e-24   7.802666e-21   3.583081e-17   1.223875e-13   3.376336e-10   3.735720e-07   1.877929e-04   2.213146e-02   9.776804e-01
         8.6000  6.052053e-102   1.424564e-84   3.353214e-67   7.475629e-61   7.441635e-55   3.176856e-49   8.653177e-44   1.516610e-38   9.975852e-34   3.004689e-29   4.500073e-25   2.943916e-21   1.556427e-17   6.142740e-14   1.934602e-10   2.475368e-07   1.428673e-04   1.946881e-02   9.803881e-01
         8.6500  6.413477e-103   1.509638e-85   3.553465e-68   9.205828e-62   1.054918e-55   5.142150e-50   1.591808e-44   3.227188e-39   2.465892e-34   8.643416e-30   1.485533e-25   1.115672e-21   6.787478e-18   3.094142e-14   1.111963e-10   1.645976e-07   1.091357e-04   1.714895e-02   9.827417e-01
         8.7000  6.823077e-104   1.606052e-86   3.780409e-69   1.138224e-62   1.501580e-56   8.358482e-51   2.941049e-45   6.898828e-40   6.123729e-35   2.498188e-30   4.924326e-26   4.243909e-22   2.969742e-18   1.563234e-14   6.407975e-11   1.097756e-07   8.366693e-05   1.512164e-02   9.847946e-01
         8.7500  7.281091e-105   1.713862e-87   4.034178e-70   1.411806e-63   2.144332e-57   1.363267e-51   5.453173e-46   1.480361e-40   1.526595e-35   7.248940e-31   1.637962e-26   1.619299e-22   1.302875e-18   7.917394e-15   3.700629e-11   7.339722e-08   6.434003e-05   1.334520e-02   9.865904e-01
         8.8000  7.787682e-106   1.833106e-88   4.314861e-71   1.755371e-64   3.069837e-58   2.229321e-52   1.013914e-46   3.186193e-41   3.817467e-36   2.110173e-31   5.463469e-27   6.193768e-23   5.728264e-19   4.017911e-15   2.140727e-11   4.917579e-08   4.960776e-05   1.178485e-02   9.881655e-01
         8.8500  8.342827e-107   1.963778e-89   4.622445e-72   2.186279e-65   4.402669e-59   3.652586e-53   1.889111e-47   6.873686e-42   9.569235e-37   6.158399e-32   1.826338e-27   2.373603e-23   2.522678e-19   2.042117e-15   1.239936e-11   3.300212e-08   3.833311e-05   1.041148e-02   9.895502e-01
         8.9000  8.946215e-108   2.105807e-90   4.956760e-73   2.725910e-66   6.321521e-60   5.992280e-54   3.524903e-48   1.485421e-42   2.403056e-37   1.800788e-32   6.115133e-28   9.108916e-24   1.112297e-19   1.039064e-15   7.188297e-12   2.217613e-08   2.967454e-05   9.200549e-03   9.907698e-01
         8.9500  9.597170e-109   2.259033e-91   5.317430e-74   3.400491e-67   9.082131e-61   9.837920e-55   6.583044e-49   3.213723e-43   6.042217e-38   5.273110e-33   2.049886e-28   3.498905e-24   4.908177e-20   5.290796e-16   4.169578e-12   1.491530e-08   2.300506e-05   8.131289e-03   9.918457e-01
         9.0000  1.029458e-109   2.423193e-92   5.703840e-75   4.242075e-68   1.304961e-61   1.615535e-55   1.229926e-49   6.957427e-44   1.520409e-38   1.545502e-33   6.876405e-29   1.344703e-24   2.166698e-20   2.695062e-16   2.419151e-12   1.003793e-08   1.785459e-05   7.186007e-03   9.927961e-01
