# CIE ionization fractions for N (Z=7)
# Source: CHIANTI v11.0.2 chianti.ioneq (Dere et al. 2009)
# T grid: 101 log-spaced points, 10^4.00 K -> 10^9.00 K
# Generated by pyathena/photchem/data/build_ioneq_tables.py
#
# log_T_K        x_N0           x_N1           x_N2           x_N3           x_N4           x_N5           x_N6           x_N7         
         4.0000   9.995303e-01   4.697414e-04   1.209720e-15   1.636193e-37   3.039093e-75  2.371778e-123   0.000000e+00   0.000000e+00
         4.0500   9.965610e-01   3.439039e-03   4.191890e-13   2.541159e-32   9.126149e-66  1.891030e-108   0.000000e+00   0.000000e+00
         4.1000   9.797137e-01   2.028629e-02   7.780028e-11   1.105585e-27   2.650240e-57   3.805952e-95   0.000000e+00   0.000000e+00
         4.1500   9.067226e-01   9.327743e-02   7.769341e-09   1.452353e-23   8.955272e-50   2.692473e-83  2.484900e-280   0.000000e+00
         4.2000   7.016433e-01   2.983563e-01   3.828578e-07   5.620028e-20   3.782024e-43   8.191420e-73  2.273826e-248   0.000000e+00
         4.2500   4.067080e-01   5.932836e-01   8.466462e-06   6.146139e-17   2.084915e-37   1.257023e-63  4.915874e-220   0.000000e+00
         4.3000   1.944894e-01   8.054171e-01   9.349125e-05   2.211961e-14   1.886264e-32   1.356575e-55  6.273429e-195   0.000000e+00
         4.3500   9.251064e-02   9.068509e-01   6.384318e-04   3.368669e-12   3.869435e-28   1.559784e-48  1.204063e-172   0.000000e+00
         4.4000   4.790895e-02   9.489705e-01   3.120505e-03   2.591326e-10   2.301284e-24   2.652288e-42  7.667825e-153  4.939378e-287
         4.4500   2.720318e-02   9.609433e-01   1.185354e-02   1.122600e-08   4.723836e-21   8.543272e-37  3.136357e-135  8.252040e-255
         4.5000   1.648222e-02   9.468289e-01   3.668856e-02   2.947003e-07   3.826721e-18   6.362237e-32  1.453049e-119  4.081698e-226
         4.5500   1.024068e-02   8.952683e-01   9.448609e-02   4.927046e-06   1.357779e-15   1.288506e-27  1.245086e-105  1.450769e-200
         4.6000   6.238275e-03   7.912061e-01   2.025014e-01   5.419992e-05   2.286281e-13   8.098053e-24   3.016279e-93  8.063568e-178
         4.6500   3.584973e-03   6.369530e-01   3.590586e-01   4.034348e-04   1.957406e-11   1.772127e-20   3.007834e-82  1.398002e-157
         4.7000   1.914776e-03   4.643244e-01   5.316433e-01   2.117532e-03   9.197088e-10   1.518673e-17   1.751581e-72  1.419965e-139
         4.7500   9.627041e-04   3.124341e-01   6.782884e-01   8.314730e-03   2.593000e-08   5.780637e-15   8.309385e-64  1.513585e-123
         4.8000   4.660663e-04   1.994411e-01   7.741478e-01   2.594451e-02   4.782272e-07   1.100817e-12   4.349729e-56  2.866022e-109
         4.8500   2.199551e-04   1.227105e-01   8.099183e-01   6.714508e-02   6.159013e-06   1.152638e-10   3.254727e-49   1.523228e-96
         4.9000   1.006565e-04   7.257828e-02   7.803135e-01   1.469499e-01   5.759135e-05   7.081098e-09   4.300790e-43   3.350959e-85
         4.9500   4.390544e-05   4.064444e-02   6.861420e-01   2.727705e-01   3.989300e-04   2.665037e-07   1.194093e-37   4.250977e-75
         5.0000   1.798998e-05   2.127011e-02   5.463557e-01   4.302677e-01   2.082046e-03   6.379832e-06   8.125224e-33   4.174890e-66
         5.0500   6.925948e-06   1.041533e-02   3.962431e-01   5.848210e-01   8.411975e-03   1.016603e-04   1.572964e-28   4.176815e-58
         5.1000   2.534418e-06   4.831148e-03   2.659866e-01   7.008109e-01   2.723422e-02   1.134566e-03   9.998526e-25   5.493451e-51
         5.1500   8.844102e-07   2.130827e-03   1.664190e-01   7.499398e-01   7.230124e-02   9.208270e-03   2.352893e-21   1.183025e-44
         5.2000   2.838809e-07   8.622596e-04   9.389235e-02   6.967940e-01   1.544286e-01   5.402248e-02   2.192737e-18   4.876308e-39
         5.2500   7.492268e-08   2.862142e-04   4.280522e-02   5.058981e-01   2.407529e-01   2.102575e-01   7.929488e-16   4.079750e-34
         5.3000   1.429205e-08   6.851070e-05   1.388882e-02   2.537394e-01   2.439232e-01   4.883800e-01   1.061110e-13   7.089396e-30
         5.3500   2.085338e-09   1.251552e-05   3.399600e-03   9.349525e-02   1.718834e-01   7.312092e-01   5.978056e-12   3.099727e-26
         5.4000   2.805367e-10   2.103217e-06   7.576842e-04   3.063496e-02   1.025452e-01   8.660601e-01   1.822703e-10   4.636159e-23
         5.4500   3.928569e-11   3.670634e-07   1.737754e-04   1.011334e-02   5.897989e-02   9.307326e-01   3.595140e-09   2.980357e-20
         5.5000   5.986748e-12   6.954610e-08   4.290940e-05   3.526877e-03   3.444461e-02   9.619855e-01   5.044815e-08   9.467808e-18
         5.5500   1.002991e-12   1.445052e-08   1.153220e-05   1.316053e-03   2.077248e-02   9.778994e-01   5.321885e-07   1.634081e-15
         5.6000   1.844824e-13   3.288032e-09   3.370706e-06   5.259467e-04   1.299457e-02   9.864717e-01   4.384633e-06   1.649060e-13
         5.6500   3.709903e-14   8.158304e-10   1.067495e-06   2.246065e-04   8.440251e-03   9.913050e-01   2.906327e-05   1.034440e-11
         5.7000   8.130079e-15   2.200003e-10   3.652083e-07   1.023186e-04   5.698277e-03   9.940402e-01   1.588130e-04   4.250612e-10
         5.7500   1.939961e-15   6.441801e-11   1.348927e-07   4.974715e-05   4.011000e-03   9.952092e-01   7.298651e-04   1.196793e-08
         5.8000   5.049552e-16   2.051728e-11   5.390383e-08   2.589426e-05   2.959207e-03   9.941498e-01   2.864769e-03   2.397522e-07
         5.8500   1.436511e-16   7.121751e-12   2.335616e-08   1.447476e-05   2.299757e-03   9.879868e-01   9.695420e-03   3.519228e-06
         5.9000   4.450635e-17   2.684532e-12   1.093755e-08   8.667755e-06   1.880863e-03   9.697284e-01   2.834351e-02   3.859591e-05
         5.9500   1.477669e-17   1.081247e-12   5.447443e-09   5.474606e-06   1.596051e-03   9.270189e-01   7.106057e-02   3.189870e-04
         6.0000   5.098705e-18   4.512566e-13   2.798579e-09   3.538978e-06   1.365027e-03   8.459277e-01   1.507162e-01   1.987539e-03
         6.0500   1.763490e-18   1.882232e-13   1.430636e-09   2.259710e-06   1.136452e-03   7.222040e-01   2.673123e-01   9.345012e-03
         6.1000   5.926286e-19   7.606097e-14   7.055650e-10   1.382397e-06   8.941943e-04   5.694898e-01   3.961158e-01   3.349874e-02
         6.1500   1.892581e-19   2.912647e-14   3.284354e-10   7.929962e-07   6.511427e-04   4.118635e-01   4.942901e-01   9.319443e-02
         6.2000   5.642245e-20   1.038315e-14   1.417874e-10   4.192699e-07   4.315476e-04   2.711306e-01   5.237353e-01   2.047021e-01
         6.2500   1.551504e-20   3.404546e-15   5.610046e-11   2.019922e-07   2.576000e-04   1.617944e-01   4.762852e-01   3.616627e-01
         6.3000   3.951243e-21   1.031029e-15   2.043197e-11   8.909112e-08   1.393373e-04   8.856418e-02   3.809286e-01   5.303678e-01
         6.3500   9.598212e-22   2.970255e-16   7.055710e-12   3.706964e-08   7.039214e-05   4.578961e-02   2.786256e-01   6.755144e-01
         6.4000   2.295056e-22   8.401239e-17   2.384598e-12   1.502417e-08   3.432904e-05   2.312104e-02   1.941374e-01   7.827072e-01
         6.4500   5.534866e-23   2.390761e-17   8.083420e-13   6.080540e-09   1.658801e-05   1.169955e-02   1.329331e-01   8.553507e-01
         6.5000   1.358697e-23   6.909064e-18   2.774419e-13   2.481431e-09   8.038422e-06   6.024986e-03   9.119885e-02   9.027681e-01
         6.5500   3.435780e-24   2.052269e-18   9.759765e-14   1.033969e-09   3.953955e-06   3.181475e-03   6.334087e-02   9.334737e-01
         6.6000   8.973227e-25   6.282751e-19   3.528781e-14   4.412959e-10   1.982122e-06   1.727256e-03   4.475188e-02   9.535189e-01
         6.6500   2.420116e-25   1.982126e-19   1.311465e-14   1.929916e-10   1.013866e-06   9.643467e-04   3.221882e-02   9.668158e-01
         6.7000   6.731880e-26   6.436625e-20   5.004745e-15   8.641993e-11   5.291284e-07   5.531352e-04   2.363731e-02   9.758090e-01
         6.7500   1.920305e-26   2.139389e-20   1.950419e-15   3.941939e-11   2.808427e-07   3.254351e-04   1.765764e-02   9.820166e-01
         6.8000   5.610395e-27   7.269828e-21   7.754639e-16   1.830198e-11   1.514557e-07   1.960383e-04   1.341530e-02   9.863885e-01
         6.8500   1.680517e-27   2.528380e-21   3.149399e-16   8.661750e-12   8.309439e-08   1.206824e-04   1.035197e-02   9.895273e-01
         6.9000   5.151146e-28   8.984098e-22   1.304412e-16   4.172527e-12   4.632541e-08   7.578452e-05   8.102380e-03   9.918218e-01
         6.9500   1.612997e-28   3.256282e-22   5.501508e-17   2.043206e-12   2.621624e-08   4.846607e-05   6.423891e-03   9.935276e-01
         7.0000   5.151781e-29   1.202135e-22   2.359677e-17   1.015870e-12   1.504532e-08   3.151832e-05   5.152768e-03   9.948157e-01
         7.0500   1.676060e-29   4.514643e-23   1.028074e-17   5.123092e-13   8.748424e-09   2.081419e-05   4.176741e-03   9.958024e-01
         7.1000   5.547357e-30   1.722769e-23   4.544893e-18   2.618010e-13   5.149717e-09   1.394031e-05   3.417630e-03   9.965684e-01
         7.1500   1.858681e-30   6.647505e-24   2.028972e-18   1.349354e-13   3.058737e-09   9.457615e-06   2.820176e-03   9.971704e-01
         7.2000   6.311312e-31   2.596727e-24   9.158367e-19   7.023813e-14   1.833924e-09   6.492345e-06   2.344764e-03   9.976487e-01
         7.2500   2.172482e-31   1.027278e-24   4.181523e-19   3.694318e-14   1.110330e-09   4.504927e-06   1.962612e-03   9.980329e-01
         7.3000   7.573699e-32   4.112097e-25   1.929619e-19   1.961954e-14   6.783356e-10   3.156686e-06   1.652542e-03   9.983443e-01
         7.3500   2.671913e-32   1.664240e-25   8.993259e-20   1.051367e-14   4.179104e-10   2.231876e-06   1.398783e-03   9.985990e-01
         7.4000   9.531856e-33   6.805174e-26   4.230476e-20   5.681667e-15   2.594851e-10   1.590979e-06   1.189458e-03   9.988090e-01
         7.4500   3.436126e-33   2.809606e-26   2.007351e-20   3.094661e-15   1.622893e-10   1.142592e-06   1.015527e-03   9.989833e-01
         7.5000   1.250818e-33   1.170441e-26   9.601902e-21   1.697950e-15   1.021815e-10   8.261169e-07   8.700410e-04   9.991291e-01
         7.5500   4.594857e-34   4.916871e-27   4.627534e-21   9.379560e-16   6.473316e-11   6.009273e-07   7.476063e-04   9.992518e-01
         7.6000   1.702289e-34   2.081672e-27   2.245786e-21   5.213918e-16   4.124118e-11   4.394980e-07   6.439992e-04   9.993556e-01
         7.6500   6.356320e-35   8.877002e-28   1.096926e-21   2.915046e-16   2.640972e-11   3.229877e-07   5.558844e-04   9.994438e-01
         7.7000   2.390621e-35   3.810569e-28   5.389324e-22   1.638307e-16   1.699026e-11   2.383728e-07   4.806071e-04   9.995192e-01
         7.7500   9.050482e-36   1.645598e-28   2.661934e-22   9.250925e-17   1.097536e-11   1.765742e-07   4.160378e-04   9.995838e-01
         7.8000   3.446794e-36   7.145153e-29   1.321074e-22   5.245519e-17   7.115458e-12   1.312101e-07   3.604564e-04   9.996394e-01
         7.8500   1.319007e-36   3.115836e-29   6.580556e-23   2.983711e-17   4.626114e-12   9.775895e-08   3.124638e-04   9.996874e-01
         7.9000   5.064672e-37   1.362736e-29   3.285630e-23   1.700270e-17   3.012717e-12   7.299343e-08   2.709144e-04   9.997290e-01
         7.9500   1.952457e-37   5.981239e-30   1.645428e-23   9.713336e-18   1.966093e-12   5.459475e-08   2.348642e-04   9.997651e-01
         8.0000   7.552665e-38   2.633226e-30   8.261022e-24   5.560461e-18   1.285186e-12   4.088577e-08   2.035302e-04   9.997964e-01
         8.0500   2.930134e-38   1.162238e-30   4.156135e-24   3.188331e-18   8.411456e-13   3.064631e-08   1.762591e-04   9.998237e-01
         8.1000   1.139579e-38   5.140720e-31   2.094459e-24   1.830471e-18   5.510156e-13   2.298343e-08   1.525022e-04   9.998475e-01
         8.1500   4.441124e-39   2.277759e-31   1.056880e-24   1.051878e-18   3.611641e-13   1.724008e-08   1.317959e-04   9.998682e-01
         8.2000   1.733678e-39   1.010628e-31   5.338355e-25   6.048346e-19   2.367905e-13   1.293064e-08   1.137459e-04   9.998862e-01
         8.2500   6.776712e-40   4.488809e-32   2.698267e-25   3.479000e-19   1.552475e-13   9.694729e-09   9.801499e-05   9.999020e-01
         8.3000   2.651602e-40   1.995258e-32   1.364392e-25   2.001286e-19   1.017604e-13   7.263995e-09   8.431290e-05   9.999157e-01
         8.3500   1.038269e-40   8.873113e-33   6.900191e-26   1.151063e-19   6.666999e-14   5.438019e-09   7.238855e-05   9.999276e-01
         8.4000   4.067291e-41   3.946849e-33   3.489374e-26   6.618036e-20   4.365045e-14   4.066698e-09   6.202354e-05   9.999380e-01
         8.4500   1.593621e-41   1.755573e-33   1.764016e-26   3.802862e-20   2.855425e-14   3.037371e-09   5.302708e-05   9.999470e-01
         8.5000   6.243775e-42   7.807013e-34   8.913278e-27   2.183540e-20   1.865947e-14   2.265349e-09   4.523181e-05   9.999548e-01
         8.5500   2.445670e-42   3.470240e-34   4.500595e-27   1.252578e-20   1.217879e-14   1.686894e-09   3.849044e-05   9.999615e-01
         8.6000   9.575265e-43   1.541562e-34   2.270516e-27   7.177468e-21   7.938184e-15   1.254000e-09   3.267299e-05   9.999673e-01
         8.6500   3.746526e-43   6.842530e-35   1.144285e-27   4.107701e-21   5.166468e-15   9.304947e-10   2.766455e-05   9.999723e-01
         8.7000   1.464752e-43   3.034327e-35   5.760230e-28   2.347651e-21   3.357172e-15   6.891207e-10   2.336338e-05   9.999766e-01
         8.7500   5.721345e-44   1.344135e-35   2.895952e-28   1.339768e-21   2.177810e-15   5.093395e-10   1.967932e-05   9.999803e-01
         8.8000   2.232445e-44   5.947185e-36   1.453940e-28   7.633929e-22   1.410261e-15   3.756845e-10   1.653252e-05   9.999835e-01
         8.8500   8.701036e-45   2.628025e-36   7.289045e-29   4.342692e-22   9.115614e-16   2.765180e-10   1.385230e-05   9.999861e-01
         8.9000   3.387163e-45   1.159757e-36   3.648697e-29   2.466264e-22   5.881134e-16   2.030932e-10   1.157613e-05   9.999884e-01
         8.9500   1.316897e-45   5.110959e-37   1.823601e-29   1.398217e-22   3.787161e-16   1.488448e-10   9.648836e-06   9.999904e-01
         9.0000   5.113311e-46   2.249166e-37   9.099877e-30   7.913277e-23   2.434107e-16   1.088527e-10   8.021835e-06   9.999920e-01
