# CIE ionization fractions for O (Z=8)
# Source: CHIANTI v11.0.2 chianti.ioneq (Dere et al. 2009)
# T grid: 101 log-spaced points, 10^4.00 K -> 10^9.00 K
# Generated by pyathena/photchem/data/build_ioneq_tables.py
#
# log_T_K        x_O0           x_O1           x_O2           x_O3           x_O4           x_O5           x_O6           x_O7           x_O8         
         4.0000   2.241421e-01   7.758579e-01   1.456687e-20   5.135109e-51   2.181576e-68   9.268109e-86  3.937421e-103  1.672756e-120  7.106460e-138
         4.0500   2.242282e-01   7.757718e-01   7.955836e-18   1.867771e-44   7.934951e-62   3.371048e-79   1.432141e-96  6.084241e-114  2.584801e-131
         4.1000   2.243152e-01   7.756848e-01   2.228685e-15   1.360871e-38   1.241656e-70   5.274996e-88  2.241005e-105  9.520584e-123  4.044681e-140
         4.1500   2.244044e-01   7.755956e-01   3.442358e-13   2.362882e-33   2.262485e-61   9.611839e-79   4.083450e-96  1.734794e-113  7.370020e-131
         4.2000   2.244957e-01   7.755043e-01   3.125116e-11   1.140252e-28   4.001277e-53   1.699884e-70   7.221711e-88  3.068039e-105  1.303411e-122
         4.2500   2.245475e-01   7.754525e-01   1.765056e-09   1.753296e-24   8.210885e-46   9.257565e-79   3.932942e-96  1.670853e-113  7.098375e-131
         4.3000   2.241611e-01   7.758388e-01   6.503476e-08   9.634150e-21   2.279046e-39   2.603285e-68   1.105968e-85  4.698543e-103  1.996107e-120
         4.3500   2.208478e-01   7.791506e-01   1.628753e-06   2.084160e-17   1.048694e-33   4.400913e-59   2.450442e-90  1.041035e-107  4.422684e-125
         4.4000   2.038304e-01   7.961408e-01   2.876656e-05   1.918292e-14   1.012130e-28   6.062796e-51   2.057022e-78   8.738957e-96  3.712618e-113
         4.4500   1.513628e-01   8.482693e-01   3.679789e-04   7.900191e-12   2.472893e-24   8.558840e-44   6.733505e-68   2.860632e-85  1.215298e-102
         4.5000   7.767902e-02   9.190608e-01   3.260161e-03   1.405987e-09   1.626386e-20   1.384478e-37   1.047624e-58   4.450676e-76   1.890805e-93
         4.5500   3.161331e-02   9.499188e-01   1.846781e-02   1.008943e-07   2.859794e-17   2.817302e-32   9.228036e-51   3.920397e-68   1.665523e-85
         4.6000   1.300410e-02   9.189444e-01   6.804837e-02   3.084730e-06   1.488710e-14   9.121761e-28   6.324485e-44   2.686865e-61   1.141476e-78
         4.6500   5.907331e-03   8.184963e-01   1.755499e-01   4.655078e-05   2.767547e-12   6.389663e-24   5.000844e-38   2.124536e-55   9.025781e-73
         4.7000   2.875865e-03   6.570851e-01   3.396358e-01   4.032281e-04   2.215914e-10   1.275713e-20   6.527165e-33   2.772971e-50   1.178056e-67
         4.7500   1.418398e-03   4.739706e-01   5.223363e-01   2.274713e-03   8.974615e-09   9.085011e-18   1.894447e-28   8.048281e-46   3.419195e-63
         4.8000   6.888553e-04   3.138142e-01   6.762507e-01   9.245969e-03   2.101690e-07   2.767296e-15   1.561191e-24   6.632491e-42   2.817717e-59
         4.8500   3.282168e-04   1.961691e-01   7.741473e-01   2.935221e-02   3.178587e-06   4.182962e-13   4.465613e-21   1.897151e-38   8.059769e-56
         4.9000   1.529825e-04   1.175190e-01   8.058437e-01   7.645077e-02   3.348969e-05   3.493112e-11   5.157731e-18   2.191187e-35   9.308937e-53
         4.9500   6.877529e-05   6.715195e-02   7.659472e-01   1.665757e-01   2.564059e-04   1.726743e-09   2.675292e-15   1.136559e-32   4.828505e-50
         5.0000   2.919267e-05   3.600745e-02   6.583029e-01   3.042034e-01   1.457061e-03   5.281948e-08   6.726805e-13   2.857785e-30   1.214088e-47
         5.0500   1.153846e-05   1.791634e-02   5.085523e-01   4.672514e-01   6.267375e-03   1.040439e-06   8.772929e-11   9.213931e-44   3.914404e-61
         5.1000   4.262706e-06   8.315651e-03   3.564398e-01   6.141806e-01   2.104579e-02   1.385503e-05   6.383371e-09   3.211499e-38   1.364358e-55
         5.1500   1.491974e-06   3.652244e-03   2.307562e-01   7.082491e-01   5.720932e-02   1.313701e-04   2.788341e-07   2.717691e-33   3.090205e-64
         5.2000   4.983989e-07   1.529781e-03   1.394908e-01   7.287576e-01   1.292900e-01   9.235261e-04   7.758802e-06   6.539664e-29   2.023365e-56
         5.2500   1.579140e-07   6.074117e-04   7.846448e-02   6.704334e-01   2.454284e-01   4.923148e-03   1.430292e-04   5.081294e-25   1.834657e-49
         5.3000   4.671002e-08   2.250463e-04   4.051907e-02   5.466689e-01   3.907107e-01   2.008688e-02   1.789375e-03   1.412283e-21   2.798620e-43
         5.3500   1.258628e-08   7.591733e-05   1.877966e-02   3.879105e-01   5.153064e-01   6.257233e-02   1.535516e-02   1.521651e-18   8.449720e-38
         5.4000   2.907071e-09   2.193973e-05   7.362378e-03   2.266088e-01   5.355113e-01   1.427686e-01   8.772700e-02   6.564305e-16   5.611523e-33
         5.4500   5.048069e-10   4.763569e-06   2.144154e-03   9.602908e-02   3.881700e-01   2.128587e-01   3.007932e-01   1.080226e-13   8.336127e-29
         5.5000   6.144653e-11   7.243904e-07   4.329675e-04   2.763221e-02   1.844560e-01   1.962644e-01   5.912137e-01   6.804597e-12   2.946129e-25
         5.5500   6.116298e-12   8.998984e-08   7.077889e-05   6.319583e-03   6.749924e-02   1.322804e-01   7.938299e-01   2.043169e-10   3.248587e-22
         5.6000   6.011354e-13   1.102537e-08   1.131822e-05   1.391019e-03   2.310528e-02   7.960319e-02   8.958892e-01   3.741717e-09   1.497606e-19
         5.6500   6.376760e-14   1.455914e-09   1.936248e-06   3.228754e-04   8.128546e-03   4.722504e-02   9.443215e-01   4.808897e-08   3.460763e-17
         5.7000   7.496232e-15   2.127189e-10   3.640022e-07   8.130772e-05   3.031104e-03   2.861034e-02   9.682764e-01   4.660019e-07   4.467890e-15
         5.7500   9.799744e-16   3.450077e-11   7.548404e-08   2.232834e-05   1.206824e-03   1.789943e-02   9.808678e-01   3.554538e-06   3.475891e-13
         5.8000   1.420470e-16   6.191996e-12   1.721975e-08   6.676027e-06   5.131932e-04   1.160771e-02   9.878504e-01   2.200502e-05   1.729812e-11
         5.8500   2.275956e-17   1.225724e-12   4.308776e-09   2.169069e-06   2.330236e-04   7.824035e-03   9.918275e-01   1.132330e-04   5.788149e-10
         5.9000   4.028763e-18   2.674162e-13   1.182051e-09   7.660883e-07   1.131887e-04   5.505623e-03   9.938868e-01   4.936319e-04   1.358297e-08
         5.9500   7.896191e-19   6.443093e-14   3.563351e-10   2.949999e-07   5.906684e-05   4.070576e-03   9.940199e-01   1.849911e-03   2.315526e-07
         6.0000   1.717815e-19   1.718331e-14   1.183323e-10   1.242342e-07   3.325477e-05   3.180973e-03   9.907639e-01   6.018842e-03   2.949661e-06
         6.0500   4.137622e-20   5.058843e-15   4.317893e-11   5.710251e-08   2.017813e-05   2.628125e-03   9.802402e-01   1.708273e-02   2.867672e-05
         6.1000   1.089262e-20   1.622758e-15   1.709053e-11   2.829059e-08   1.304290e-05   2.271427e-03   9.552199e-01   4.227974e-02   2.158219e-04
         6.1500   3.058426e-21   5.533854e-16   7.160218e-12   1.474801e-08   8.773854e-06   2.007734e-03   9.058381e-01   9.087681e-02   1.268576e-03
         6.2000   8.875236e-22   1.943819e-16   3.076951e-12   7.841630e-09   5.957933e-06   1.761624e-03   8.235626e-01   1.688074e-01   5.862459e-03
         6.2500   2.578431e-22   6.811846e-17   1.313765e-12   4.120630e-09   3.959655e-06   1.488572e-03   7.068567e-01   2.701934e-01   2.145737e-02
         6.3000   7.284927e-23   2.313276e-17   5.414310e-13   2.079420e-09   2.504166e-06   1.178689e-03   5.639632e-01   3.721637e-01   6.269191e-02
         6.3500   1.950297e-23   7.416960e-18   2.098613e-13   9.821572e-10   1.469593e-06   8.537007e-04   4.116586e-01   4.403427e-01   1.471434e-01
         6.4000   4.854947e-24   2.203173e-18   7.508112e-14   4.262086e-10   7.860428e-07   5.561475e-04   2.716999e-01   4.480070e-01   2.797363e-01
         6.4500   1.121757e-24   6.052186e-19   2.475223e-14   1.696818e-10   3.828493e-07   3.260353e-04   1.626693e-01   3.974091e-01   4.395951e-01
         6.5000   2.451877e-25   1.567019e-19   7.664859e-15   6.318762e-11   1.732226e-07   1.757274e-04   9.036699e-02   3.170520e-01   5.924051e-01
         6.5500   5.222114e-26   3.939228e-20   2.296907e-15   2.268015e-11   7.506904e-08   8.992137e-05   4.811124e-02   2.364855e-01   7.153133e-01
         6.6000   1.113235e-26   9.876070e-21   6.843270e-16   8.063026e-12   3.203811e-08   4.498329e-05   2.526864e-02   1.705796e-01   8.041068e-01
         6.6500   2.418364e-27   2.514335e-21   2.064276e-16   2.891889e-12   1.372328e-08   2.245122e-05   1.335265e-02   1.217917e-01   8.648332e-01
         6.7000   5.405948e-28   6.564166e-22   6.367697e-17   1.057094e-12   5.963244e-09   1.131398e-05   7.178628e-03   8.727380e-02   9.055363e-01
         6.7500   1.248649e-28   1.764759e-22   2.017513e-17   3.956338e-13   2.642162e-09   5.792427e-06   3.947463e-03   6.322889e-02   9.328179e-01
         6.8000   2.982815e-29   4.890739e-23   6.573264e-18   1.518177e-13   1.195895e-09   3.021146e-06   2.224486e-03   4.647351e-02   9.512990e-01
         6.8500   7.363690e-30   1.396203e-23   2.201182e-18   5.971314e-14   5.530179e-10   1.606670e-06   1.284723e-03   3.469675e-02   9.640169e-01
         6.9000   1.875739e-30   4.099806e-24   7.566115e-19   2.404673e-14   2.610882e-10   8.711126e-07   7.597841e-04   2.631376e-02   9.729256e-01
         6.9500   4.920957e-31   1.236045e-24   2.665159e-19   9.900527e-15   1.257092e-10   4.812280e-07   4.595391e-04   2.025983e-02   9.792801e-01
         7.0000   1.327092e-31   3.818974e-25   9.604268e-20   4.161200e-15   6.165319e-11   2.706414e-07   2.838517e-04   1.582213e-02   9.838937e-01
         7.0500   3.671898e-32   1.206990e-25   3.534844e-20   1.782757e-15   3.076299e-11   1.548120e-07   1.788033e-04   1.252083e-02   9.873002e-01
         7.1000   1.040596e-32   3.895418e-26   1.326652e-20   7.774506e-16   1.559860e-11   8.998608e-08   1.147034e-04   1.002975e-02   9.898555e-01
         7.1500   3.015688e-33   1.281731e-26   5.069755e-21   3.446650e-16   8.028908e-12   5.310160e-08   7.483940e-05   8.124463e-03   9.918006e-01
         7.2000   8.924115e-34   4.293207e-27   1.970020e-21   1.551478e-16   4.190860e-12   3.178451e-08   4.960341e-05   6.648511e-03   9.933019e-01
         7.2500   2.693165e-34   1.461864e-27   7.774307e-22   7.083345e-17   2.216242e-12   1.928095e-08   3.336040e-05   5.491379e-03   9.944752e-01
         7.3000   8.279146e-35   5.053738e-28   3.112098e-22   3.276647e-17   1.186356e-12   1.184377e-08   2.274230e-05   4.573969e-03   9.954033e-01
         7.3500   2.589644e-35   1.771644e-28   1.262325e-22   1.534274e-17   6.422954e-13   7.361341e-09   1.569984e-05   3.838949e-03   9.961453e-01
         7.4000   8.234569e-36   6.290849e-29   5.182884e-23   7.265526e-18   3.514252e-13   4.625914e-09   1.096514e-05   3.244258e-03   9.967448e-01
         7.4500   2.659538e-36   2.260221e-29   2.151962e-23   3.476573e-18   1.941691e-13   2.936907e-09   7.741306e-06   2.758681e-03   9.972336e-01
         7.5000   8.718482e-37   8.208568e-30   9.027418e-24   1.679591e-18   1.082582e-13   1.882447e-09   5.519977e-06   2.358798e-03   9.976357e-01
         7.5500   2.898898e-37   3.010559e-30   3.822795e-24   8.186285e-19   6.086533e-14   1.217282e-09   3.972307e-06   2.026854e-03   9.979692e-01
         7.6000   9.770954e-38   1.114039e-30   1.632780e-24   4.022340e-19   3.448362e-14   7.935977e-10   2.882743e-06   1.749260e-03   9.982479e-01
         7.6500   3.336681e-38   4.155825e-31   7.028474e-25   1.990996e-19   1.967457e-14   5.212706e-10   2.108220e-06   1.515518e-03   9.984824e-01
         7.7000   1.153926e-38   1.561591e-31   3.046880e-25   9.921237e-20   1.129724e-14   3.447482e-10   1.552661e-06   1.317450e-03   9.986810e-01
         7.7500   4.039111e-39   5.906064e-32   1.329230e-25   4.973722e-20   6.524540e-15   2.294290e-10   1.150812e-06   1.148627e-03   9.988502e-01
         7.8000   1.430498e-39   2.246656e-32   5.831791e-26   2.506962e-20   3.787777e-15   1.535479e-10   8.578873e-07   1.003963e-03   9.989952e-01
         7.8500   5.124194e-40   8.589892e-33   2.571476e-26   1.269720e-20   2.209194e-15   1.032862e-10   6.428330e-07   8.793968e-04   9.991200e-01
         7.9000   1.855701e-40   3.298939e-33   1.138885e-26   6.458306e-21   1.293802e-15   6.979228e-11   4.839117e-07   7.716656e-04   9.992279e-01
         7.9500   6.791488e-41   1.271855e-33   5.063476e-27   3.297245e-21   7.604469e-16   4.734965e-11   3.657685e-07   6.781287e-04   9.993215e-01
         8.0000   2.511286e-41   4.919691e-34   2.258707e-27   1.688851e-21   4.483655e-16   3.223742e-11   2.774629e-07   5.966336e-04   9.994031e-01
         8.0500   9.373069e-42   1.908316e-34   1.010414e-27   8.674357e-22   2.650727e-16   2.201610e-11   2.111360e-07   5.254134e-04   9.994744e-01
         8.1000   3.531597e-42   7.419440e-35   4.530761e-28   4.465854e-22   1.570688e-16   1.507557e-11   1.610991e-07   4.630090e-04   9.995368e-01
         8.1500   1.341826e-42   2.890086e-35   2.035602e-28   2.303669e-22   9.324837e-17   1.034640e-11   1.232042e-07   4.082062e-04   9.995917e-01
         8.2000   5.138286e-43   1.127450e-35   9.160071e-29   1.190218e-22   5.544555e-17   7.114273e-12   9.440660e-08   3.599885e-04   9.996399e-01
         8.2500   1.983141e-43   4.403280e-36   4.127046e-29   6.157165e-23   3.300869e-17   4.899519e-12   7.245684e-08   3.174998e-04   9.996824e-01
         8.3000   7.708323e-44   1.721104e-36   1.861133e-29   3.188245e-23   1.966978e-17   3.378519e-12   5.568331e-08   2.800133e-04   9.997199e-01
         8.3500   3.014675e-44   6.730732e-37   8.398259e-30   1.652041e-23   1.172911e-17   2.332007e-12   4.283712e-08   2.469093e-04   9.997530e-01
         8.4000   1.185934e-44   2.632876e-37   3.791103e-30   8.564115e-24   6.997184e-18   1.610855e-12   3.298054e-08   2.176559e-04   9.997823e-01
         8.4500   4.688797e-45   1.029938e-37   1.711623e-30   4.440602e-24   4.175241e-18   1.113293e-12   2.540629e-08   1.917938e-04   9.998082e-01
         8.5000   1.862634e-45   4.028262e-38   7.727355e-31   2.302584e-24   2.491489e-18   7.696668e-13   1.957876e-08   1.689248e-04   9.998311e-01
         8.5500   7.430061e-46   1.574973e-38   3.487853e-31   1.193795e-24   1.486564e-18   5.321817e-13   1.509085e-08   1.487019e-04   9.998513e-01
         8.6000   2.974139e-46   6.154756e-39   1.573705e-31   6.187562e-25   8.867323e-19   3.679709e-13   1.163213e-08   1.308211e-04   9.998692e-01
         8.6500   1.194295e-46   2.403667e-39   7.096926e-32   3.205749e-25   5.287267e-19   2.543927e-13   8.965284e-09   1.150155e-04   9.998850e-01
         8.7000   4.809370e-47   9.380276e-40   3.198529e-32   1.660014e-25   3.151034e-19   1.758257e-13   6.908388e-09   1.010498e-04   9.998989e-01
         8.7500   1.941143e-47   3.657579e-40   1.440529e-32   8.590632e-26   1.876800e-19   1.214793e-13   5.321737e-09   8.871597e-05   9.999113e-01
         8.8000   7.851615e-48   1.424873e-40   6.482636e-33   4.442587e-26   1.117102e-19   8.389326e-14   4.097857e-09   7.782979e-05   9.999222e-01
         8.8500   3.181922e-48   5.545442e-41   2.914819e-33   2.295705e-26   6.644314e-20   5.790619e-14   3.153954e-09   6.822771e-05   9.999318e-01
         8.9000   1.291396e-48   2.156016e-41   1.309420e-33   1.185339e-26   3.948817e-20   3.994566e-14   2.426177e-09   5.976436e-05   9.999402e-01
         8.9500   5.247538e-49   8.373509e-42   5.876741e-34   6.115009e-27   2.344907e-20   2.753843e-14   1.865248e-09   5.231043e-05   9.999477e-01
         9.0000   2.133826e-49   3.248553e-42   2.634936e-34   3.151849e-27   1.391271e-20   1.897213e-14   1.433110e-09   4.575082e-05   9.999542e-01
