# CIE ionization fractions for Mg (Z=12)
# Source: CHIANTI v11.0.2 chianti.ioneq (Dere et al. 2009)
# T grid: 101 log-spaced points, 10^4.00 K -> 10^9.00 K
# Generated by pyathena/photchem/data/build_ioneq_tables.py
#
# log_T_K        x_Mg0          x_Mg1          x_Mg2          x_Mg3          x_Mg4          x_Mg5          x_Mg6          x_Mg7          x_Mg8          x_Mg9          x_Mg10         x_Mg11         x_Mg12       
         4.0000   3.298518e-01   6.699581e-01   1.900064e-04   8.072144e-22   3.429333e-39   1.456902e-56   6.189436e-74   2.629492e-91  1.117101e-108  4.745842e-126  2.016202e-143  8.565539e-161  3.638944e-178
         4.0500   2.017078e-01   7.965650e-01   1.727235e-03   7.337908e-21   3.117403e-38   1.324383e-55   5.626450e-73   2.390315e-90  1.015491e-107  4.314164e-125  1.832810e-142  7.786424e-160  3.307949e-177
         4.1000   1.192200e-01   8.690787e-01   1.170130e-02   7.749433e-32   3.292234e-49   1.398658e-66   5.941993e-84  2.524369e-101  1.072441e-118  4.556111e-136  1.935597e-153  8.223103e-171  3.493466e-188
         4.1500   6.772676e-02   8.717278e-01   6.054544e-02   1.390051e-27   5.905429e-45   2.508835e-62   1.065842e-79   4.528075e-97  1.923687e-114  8.172502e-132  3.471968e-149  1.475015e-166  6.266387e-184
         4.2000   3.389591e-02   7.410332e-01   2.250709e-01   7.481102e-24   3.178237e-41   1.350228e-58   5.736246e-76   2.436960e-93  1.035307e-110  4.398351e-128  1.868576e-145  7.938371e-163  3.372501e-180
         4.2500   1.281723e-02   4.599238e-01   5.272590e-01   1.165101e-20   2.109502e-49   8.961912e-67   3.807338e-84  1.617492e-101  6.871679e-119  2.919333e-136  1.240236e-153  5.268961e-171  2.238441e-188
         4.3000   3.636962e-03   2.077818e-01   7.885812e-01   5.788606e-18   2.740360e-43   1.164202e-60   4.945942e-78   2.101211e-95  8.926690e-113  3.792374e-130  1.611135e-147  6.844672e-165  2.907859e-182
         4.3500   9.267688e-04   8.203391e-02   9.170393e-01   1.204623e-15   6.428849e-38   8.335145e-69   3.541065e-86  1.504370e-103  6.391096e-121  2.715164e-138  1.153498e-155  4.900467e-173  2.081892e-190
         4.4000   2.435556e-04   3.259561e-02   9.671608e-01   1.309407e-13   3.723323e-33   1.571315e-60   6.675501e-78   2.835989e-95  1.204829e-112  5.118539e-130  2.174537e-147  9.238203e-165  3.924716e-182
         4.4500   6.940933e-05   1.373901e-02   9.861916e-01   8.410292e-12   6.535195e-29   3.789713e-53   2.639554e-85  1.121376e-102  4.764003e-120  2.023917e-137  8.598317e-155  3.652870e-172  1.551868e-189
         4.5000   2.165841e-05   6.215798e-03   9.937625e-01   3.439065e-10   4.026811e-25   1.488720e-46   4.917333e-75   2.089057e-92  8.875056e-110  3.770438e-127  1.601816e-144  6.805081e-162  2.891039e-179
         4.5500   7.374655e-06   3.013731e-03   9.969789e-01   9.449137e-09   9.797786e-22   1.164696e-40   7.331701e-66   5.016150e-97  2.131038e-114  9.053405e-132  3.846207e-149  1.634005e-166  6.941832e-184
         4.6000   2.721326e-06   1.557754e-03   9.984393e-01   1.821504e-07   1.038518e-18   2.153698e-35   1.145763e-57   2.614192e-85  5.807150e-119  2.467083e-136  1.048104e-153  4.452718e-171  1.891672e-188
         4.6500   1.080613e-06   8.535387e-04   9.991428e-01   2.551683e-06   5.201414e-16   1.087637e-30   2.366766e-50   7.523657e-75  8.344024e-105  3.544837e-122  1.505972e-139  6.397904e-157  2.718056e-174
         4.7000   4.591148e-07   4.935460e-04   9.994793e-01   2.669358e-05   1.312981e-13   1.689095e-26   7.861149e-44   1.594104e-65   3.522983e-92  5.206584e-125  2.211941e-142  9.397110e-160  3.992225e-177
         4.7500   2.081041e-07   3.006301e-04   9.994866e-01   2.125409e-04   1.754031e-11   8.874790e-23   4.942743e-38   3.172535e-57   6.159930e-81  3.667008e-110  8.406601e-143  3.571422e-160  1.517267e-177
         4.8000   1.008023e-07   1.934083e-04   9.985024e-01   1.304112e-03   1.288702e-09   1.708635e-19   6.760284e-33   7.317688e-50   6.012560e-71   5.854433e-97  5.842342e-126  2.482034e-143  1.054456e-160
         4.8500   5.252444e-08   1.324014e-04   9.936394e-01   6.228062e-03   5.406635e-08   1.301040e-16   2.287101e-28   2.371818e-43   4.297635e-62   3.072651e-85  5.446794e-111  2.313991e-128  9.830654e-146
         4.9000   2.964672e-08   9.719250e-05   9.764857e-01   2.341571e-02   1.353817e-06   4.254952e-14   2.178443e-24   1.304399e-37   2.914401e-54   7.513608e-75   1.064363e-97  4.521789e-115  1.921016e-132
         4.9500   1.803338e-08   7.616323e-05   9.298361e-01   7.006646e-02   2.122712e-05   6.514391e-12   6.651631e-21   1.464671e-32   2.403743e-47   1.188863e-65   6.604242e-86  2.805716e-103  1.191967e-120
         5.0000   1.146455e-08   6.182783e-05   8.320921e-01   1.676288e-01   2.172833e-04   5.051029e-10   7.342023e-18   3.987215e-28   3.031562e-41   1.643249e-57   1.898118e-75   8.063878e-93  3.425821e-110
         5.0500   7.237315e-09   4.942482e-05   6.775091e-01   3.209392e-01   1.502293e-03   2.123272e-08   3.262540e-15   3.072983e-24   7.189359e-36   2.598950e-50   3.546565e-66   1.506706e-83  6.401022e-101
         5.1000   4.342192e-09   3.725750e-05   4.946874e-01   4.979726e-01   7.302181e-03   5.190096e-07   6.494784e-13   7.787342e-21   3.901071e-31   6.052519e-44   5.895459e-58   2.504600e-75   1.064043e-92
         5.1500   2.435204e-09   2.605985e-05   3.274914e-01   6.461565e-01   2.631802e-02   7.982639e-06   6.479878e-11   7.538410e-18   5.867301e-27   2.641873e-38   1.172354e-50   4.980574e-68   2.115924e-85
         5.2000   1.275656e-09   1.690757e-05   2.003739e-01   7.254834e-01   7.404271e-02   8.308837e-05   3.588308e-09   3.190527e-15   2.905900e-23   2.682728e-33   3.634987e-44   1.544271e-61   6.560612e-79
         5.2500   6.208112e-10   1.012443e-05   1.140716e-01   7.174654e-01   1.678378e-01   6.148939e-04   1.188158e-07   6.544440e-13   5.429925e-20   7.548202e-29   2.186121e-38   9.287417e-56   3.945624e-73
         5.3000   2.769931e-10   5.524079e-06   6.002088e-02   6.260684e-01   3.105764e-01   3.326385e-03   2.470361e-06   7.002723e-11   4.242079e-17   6.748396e-25   3.040265e-33   1.291612e-50   5.487227e-68
         5.3500   1.124130e-10   2.725586e-06   2.904694e-02   4.829355e-01   4.745146e-01   1.346667e-02   3.360785e-05   4.161042e-09   1.513180e-14   2.158054e-21   1.139317e-28   4.840221e-46   2.056297e-63
         5.4000   4.174348e-11   1.223788e-06   1.302033e-02   3.334651e-01   6.111193e-01   4.208077e-02   3.131593e-04   1.464000e-07   2.687241e-12   2.764535e-18   1.328757e-24   5.645031e-42   2.398209e-59
         5.4500   1.433492e-11   5.055357e-07   5.463432e-03   2.092804e-01   6.784592e-01   1.047054e-01   2.087823e-03   3.237295e-06   2.571637e-10   1.572150e-15   5.493492e-21   1.220359e-52   5.184517e-70
         5.5000   4.556973e-12   1.923865e-07   2.146909e-03   1.199069e-01   6.563211e-01   2.113225e-01   1.025544e-02   4.697663e-05   1.408503e-08   4.303497e-13   8.945746e-18   5.946677e-46   7.946975e-78
         5.5500   1.326037e-12   6.671598e-08   7.805700e-04   6.217928e-02   5.515901e-01   3.473625e-01   3.762803e-02   4.590683e-04   4.598803e-07   6.014154e-11   6.219836e-15   5.249913e-40   2.008221e-68
         5.6000   3.479337e-13   2.077344e-08   2.584045e-04   2.880557e-02   3.995535e-01   4.643903e-01   1.039061e-01   3.076883e-03   9.235390e-06   4.498176e-09   1.973535e-12   9.852745e-35   4.605053e-60
         5.6500   8.155135e-14   5.755234e-09   7.708636e-05   1.182941e-02   2.486523e-01   5.064555e-01   2.184223e-01   1.444541e-02   1.178379e-04   1.886116e-07   3.045644e-10   4.552774e-30   1.217561e-52
         5.7000   1.707912e-14   1.419435e-09   2.070770e-05   4.312839e-03   1.336847e-01   4.557350e-01   3.563844e-01   4.886512e-02   9.925848e-04   4.664226e-06   2.442156e-08   5.959287e-26   4.637924e-46
         5.7500   3.218720e-15   3.139496e-10   5.040254e-06   1.407337e-03   6.282192e-02   3.442210e-01   4.626376e-01   1.230792e-01   5.755136e-03   7.172130e-05   1.087563e-06   2.523092e-22   3.128332e-40
         5.8000   5.498365e-16   6.274068e-11   1.118725e-06   4.143428e-04   2.609320e-02   2.217882e-01   4.890405e-01   2.380363e-01   2.387762e-02   7.201316e-04   2.859269e-05   3.895841e-19   4.498314e-35
         5.8500   8.522818e-17   1.134353e-11   2.265041e-07   1.102504e-04   9.621367e-03   1.229927e-01   4.274394e-01   3.614489e-01   7.301222e-02   4.908495e-03   4.664076e-04   2.429875e-16   1.619213e-30
         5.9000   1.185251e-17   1.834966e-12   4.133185e-08   2.622633e-05   3.122697e-03   5.843581e-02   3.092575e-01   4.341709e-01   1.668752e-01   2.323547e-02   4.876084e-03   6.626488e-14   1.663800e-26
         5.9500   1.427720e-18   2.564504e-13   6.558465e-09   5.386512e-06   8.632700e-04   2.309830e-02   1.807496e-01   4.049399e-01   2.815032e-01   7.603810e-02   3.280227e-02   8.270643e-12   5.351092e-23
         6.0000   1.388708e-19   2.887261e-14   8.431581e-10   8.906816e-07   1.898692e-04   7.116028e-03   8.028752e-02   2.773173e-01   3.332473e-01   1.647875e-01   1.370536e-01   4.732746e-10   5.624163e-20
         6.0500   1.028220e-20   2.469018e-15   8.274723e-11   1.117944e-07   3.136981e-05   1.617357e-03   2.574832e-02   1.330780e-01   2.654945e-01   2.283512e-01   3.456791e-01   1.247430e-08   2.013589e-17
         6.1000   6.145453e-22   1.700892e-16   6.570835e-12   1.129594e-08   4.133926e-06   2.885713e-04   6.362962e-03   4.794787e-02   1.531968e-01   2.190922e-01   5.731073e-01   1.698269e-07   2.845829e-15
         6.1500   3.423294e-23   1.090037e-17   4.872587e-13   1.060891e-09   5.022083e-07   4.679879e-05   1.406461e-03   1.510725e-02   7.486308e-02   1.711039e-01   7.374706e-01   1.447342e-06   1.981407e-13
         6.2000   1.982665e-24   7.250616e-19   3.762715e-14   1.033115e-10   6.279449e-08   7.713501e-06   3.115750e-04   4.677553e-03   3.493580e-02   1.232217e-01   8.368366e-01   8.976720e-06   8.109660e-12
         6.2500   1.257465e-25   5.273099e-20   3.185871e-15   1.098649e-11   8.516819e-09   1.363510e-06   7.312560e-05   1.508127e-03   1.654761e-02   8.731384e-02   8.945118e-01   4.415617e-05   2.176384e-10
         6.3000   8.910446e-27   4.278460e-21   3.016650e-16   1.301601e-12   1.279012e-09   2.641476e-07   1.860632e-05   5.192218e-04   8.178993e-03   6.278645e-02   9.283158e-01   1.806212e-04   4.099603e-09
         6.3500   7.103394e-28   3.900333e-22   3.215744e-17   1.729673e-13   2.142262e-10   5.654256e-08   5.180929e-06   1.930148e-04   4.275184e-03   4.654878e-02   9.483456e-01   6.320808e-04   5.680099e-08
         6.4000   6.378210e-29   4.000042e-23   3.862744e-18   2.580858e-14   4.007568e-11   1.340290e-08   1.583756e-06   7.783281e-05   2.378641e-03   3.588082e-02   9.597325e-01   1.927993e-03   5.995361e-07
         6.4500   6.430622e-30   4.601304e-24   5.211078e-19   4.309924e-15   8.348782e-12   3.510270e-09   5.307315e-07   3.403885e-05   1.410649e-03   2.883682e-02   9.645195e-01   5.193547e-03   4.956465e-06
         6.5000   7.223137e-31   5.891088e-25   7.832246e-20   7.991169e-16   1.921917e-12   1.008556e-09   1.937118e-07   1.605695e-05   8.880790e-04   2.409265e-02   9.624949e-01   1.247531e-02   3.283122e-05
         6.5500   8.924559e-32   8.289385e-26   1.294677e-20   1.623995e-16   4.827245e-13   3.140487e-10   7.611848e-08   8.082825e-06   5.878637e-04   2.074775e-02   9.515571e-01   2.692152e-02   1.775948e-04
         6.6000   1.192919e-32   1.260894e-26   2.314476e-21   3.557095e-17   1.301034e-13   1.042836e-10   3.170002e-08   4.277373e-06   4.035149e-04   1.818208e-02   9.281106e-01   5.250215e-02   7.973579e-04
         6.6500   1.692815e-33   2.034764e-27   4.390371e-22   8.239116e-18   3.692297e-14   3.625316e-11   1.374101e-08   2.338469e-06   2.825270e-04   1.597015e-02   8.877741e-01   9.295816e-02   3.012658e-03
         6.7000   2.500449e-34   3.415869e-28   8.663137e-23   1.978355e-18   1.081771e-14   1.294131e-11   6.082726e-09   1.296555e-06   1.982714e-04   1.383553e-02   8.264033e-01   1.498750e-01   9.686514e-03
         6.7500   3.767774e-35   5.846850e-29   1.742442e-23   4.825530e-19   3.206454e-15   4.650510e-12   2.696529e-09   7.152616e-07   1.369562e-04   1.162955e-02   7.413637e-01   2.201578e-01   2.671129e-02
         6.8000   5.673499e-36   9.996495e-30   3.498874e-24   1.171057e-19   9.418447e-16   1.648479e-12   1.173310e-09   3.849519e-07   9.138745e-05   9.325461e-03   6.332941e-01   2.938730e-01   6.341572e-02
         6.8500   8.367945e-37   1.673437e-30   6.874256e-25   2.771046e-20   2.687058e-16   5.651364e-13   4.914054e-10   1.982869e-07   5.784391e-05   7.018073e-03   5.084619e-01   3.547270e-01   1.297351e-01
         6.9000   1.190183e-37   2.700584e-31   1.300810e-25   6.293777e-21   7.330372e-17   1.845258e-13   1.951275e-10   9.631753e-08   3.425053e-05   4.897468e-03   3.798989e-01   3.860042e-01   2.291651e-01
         6.9500   1.623058e-38   4.177480e-32   2.356843e-26   1.364047e-21   1.901150e-17   5.707122e-14   7.307175e-11   4.390119e-08   1.889434e-05   3.161426e-03   2.638231e-01   3.803362e-01   3.526603e-01
         7.0000   2.135873e-39   6.234409e-33   4.114423e-27   2.838897e-22   4.717861e-18   1.683273e-14   2.598554e-11   1.891177e-08   9.788930e-06   1.905862e-03   1.720255e-01   3.443369e-01   4.817219e-01
         7.0500   2.753234e-40   9.112226e-34   7.024135e-28   5.758919e-23   1.137183e-18   4.807343e-15   8.912043e-12   7.821793e-09   4.842222e-06   1.092264e-03   1.072321e-01   2.926984e-01   5.989725e-01
         7.1000   3.535637e-41   1.326628e-34   1.192480e-28   1.157990e-23   2.707871e-19   1.352495e-15   2.999364e-12   3.161246e-09   2.329299e-06   6.067760e-04   6.515055e-02   2.388531e-01   6.953873e-01
         7.1500   4.586749e-42   1.950918e-35   2.041160e-29   2.340318e-24   6.459961e-20   3.802265e-16   1.004990e-12   1.266998e-09   1.106471e-06   3.320794e-04   3.920377e-02   1.905704e-01   7.698927e-01
         7.2000   6.068195e-43   2.925580e-36   3.555604e-30   4.798888e-25   1.558795e-20   1.078638e-16   3.386144e-13   5.087449e-10   5.246582e-07   1.811187e-04   2.362743e-02   1.506050e-01   8.255859e-01
         7.2500   8.231918e-44   4.498300e-37   6.336782e-31   1.003838e-25   3.825899e-21   3.105678e-17   1.154147e-13   2.059398e-10   2.500122e-07   9.916576e-05   1.436159e-02   1.188844e-01   8.666546e-01
         7.3000   1.148026e-44   7.110182e-38   1.158259e-31   2.147659e-26   9.577554e-22   9.102490e-18   3.991974e-14   8.432600e-11   1.201849e-07   5.473697e-05   8.838381e-03   9.420955e-02   8.968972e-01
         7.3500   1.647148e-45   1.156213e-38   2.172631e-32   4.702954e-27   2.447655e-22   2.718722e-18   1.402964e-14   3.498070e-11   5.839466e-08   3.052771e-05   5.517545e-03   7.515648e-02   9.192954e-01
         7.4000   2.430434e-46   1.933601e-39   4.180177e-33   1.053735e-27   6.384779e-23   8.275026e-19   5.010955e-15   1.470704e-11   2.869851e-08   1.722021e-05   3.496309e-03   6.044290e-02   9.360435e-01
         7.4500   3.684465e-47   3.322337e-40   8.240410e-34   2.413424e-28   1.698644e-23   2.565092e-19   1.818121e-15   6.265592e-12   1.426735e-08   9.827183e-06   2.248748e-03   4.903016e-02   9.487113e-01
         7.5000   5.731013e-48   5.857331e-41   1.661985e-34   5.643217e-29   4.604089e-24   8.090077e-20   6.696122e-16   2.703355e-12   7.172926e-09   5.672780e-06   1.467372e-03   4.011685e-02   9.584101e-01
         7.5500   9.133032e-49   1.058035e-41   3.424109e-35   1.345240e-29   1.269791e-24   2.593217e-20   2.501059e-16   1.180430e-12   3.645045e-09   3.311053e-06   9.707722e-04   3.309865e-02   9.659273e-01
         7.6000   1.488894e-49   1.955179e-42   7.194694e-36   3.264572e-30   3.558882e-25   8.438397e-21   9.464597e-17   5.212387e-13   1.871138e-09   1.953045e-06   6.506358e-04   2.752406e-02   9.718234e-01
         7.6500   2.479246e-50   3.690659e-43   1.539339e-36   8.053567e-31   1.012371e-25   2.784305e-21   3.625229e-17   2.325687e-13   9.696876e-10   1.163542e-06   4.414207e-04   2.305646e-02   9.765010e-01
         7.7000   4.210573e-51   7.105805e-44   3.348504e-37   2.016931e-31   2.919323e-26   9.305209e-22   1.404151e-17   1.047733e-13   5.069980e-10   6.997034e-07   3.029098e-04   1.944425e-02   9.802521e-01
         7.7500   7.282996e-52   1.393472e-44   7.394885e-38   5.121170e-32   8.523932e-27   3.146495e-22   5.494727e-18   4.762282e-14   2.672761e-10   4.244703e-07   2.100781e-04   1.649850e-02   9.832910e-01
         7.8000   1.281251e-52   2.779507e-45   1.655695e-38   1.316709e-32   2.517331e-27   1.075434e-22   2.170514e-18   2.182437e-14   1.419822e-10   2.596132e-07   1.471398e-04   1.407638e-02   9.857762e-01
         7.8500   2.289538e-53   5.631930e-46   3.753516e-39   3.424148e-33   7.511723e-28   3.711818e-23   8.647992e-19   1.007730e-14   7.595885e-11   1.599944e-07   1.040042e-04   1.206920e-02   9.878266e-01
         7.9000   4.150602e-54   1.157784e-46   8.605590e-40   8.996810e-34   2.262673e-28   1.292558e-23   3.472773e-19   4.685458e-15   4.090305e-11   9.929853e-08   7.413936e-05   1.039358e-02   9.895322e-01
         7.9500   7.624449e-55   2.411924e-47   1.993044e-40   2.385940e-34   6.873817e-29   4.537457e-24   1.404553e-19   2.192348e-15   2.215837e-11   6.203125e-08   5.326518e-05   8.985105e-03   9.909616e-01
         8.0000   1.417580e-55   5.085962e-48   4.657882e-41   6.380510e-35   2.104278e-29   1.604479e-24   5.717548e-20   1.031748e-15   1.206996e-11   3.898399e-08   3.854503e-05   7.793604e-03   9.921678e-01
         8.0500   2.664763e-56   1.084391e-48   1.097405e-41   1.719066e-35   6.486272e-30   5.710781e-25   2.341086e-20   4.881056e-16   6.607703e-12   2.463522e-08   2.807824e-05   6.779709e-03   9.931922e-01
         8.1000   5.059315e-57   2.335354e-49   2.604071e-42   4.662426e-36   2.011654e-30   2.044541e-25   9.636105e-21   2.320117e-16   3.633870e-12   1.564639e-08   2.057813e-05   5.912299e-03   9.940671e-01
         8.1500   9.692102e-58   5.075087e-50   6.218303e-43   1.271972e-36   6.273007e-31   7.357866e-26   3.984892e-21   1.107520e-16   2.006634e-12   9.982989e-09   1.516509e-05   5.166590e-03   9.948182e-01
         8.2000   1.871664e-58   1.111856e-50   1.493056e-43   3.487990e-37   1.965529e-31   2.660092e-26   1.654739e-21   5.306867e-17   1.112139e-12   6.395918e-09   1.123222e-05   4.522696e-03   9.954661e-01
         8.2500   3.640251e-59   2.453449e-51   3.601970e-44   9.607503e-38   6.184413e-32   9.655589e-27   6.896357e-22   2.551389e-17   6.183889e-13   4.112967e-09   8.357116e-06   3.964552e-03   9.960271e-01
         8.3000   7.124554e-60   5.448260e-52   8.724921e-45   2.656492e-38   1.952913e-32   3.516911e-27   2.883221e-22   1.230222e-17   3.448279e-13   2.653621e-09   6.243314e-06   3.479082e-03   9.965147e-01
         8.3500   1.402025e-60   1.216575e-52   2.120602e-45   7.369074e-39   6.185838e-33   1.284761e-27   1.208666e-22   5.946795e-18   1.927589e-13   1.717045e-09   4.681110e-06   3.055568e-03   9.969397e-01
         8.4000   2.772008e-61   2.729532e-53   5.168591e-46   2.049674e-39   1.964386e-33   4.704925e-28   5.078297e-23   2.880768e-18   1.079789e-13   1.113831e-09   3.521064e-06   2.685164e-03   9.973113e-01
         8.4500   5.502524e-62   6.148841e-54   1.262582e-46   5.713508e-40   6.251206e-34   1.726466e-28   2.137656e-23   1.397980e-18   6.059319e-14   7.240934e-10   2.655928e-06   2.360518e-03   9.976368e-01
         8.5000   1.095890e-62   1.389831e-54   3.089578e-47   1.595372e-40   1.992599e-34   6.345365e-29   9.011584e-24   6.793794e-19   3.405070e-14   4.715839e-10   2.008220e-06   2.075478e-03   9.979225e-01
         8.5500   2.188460e-63   3.150086e-55   7.569850e-48   4.460397e-41   6.359455e-35   2.334965e-29   3.803250e-24   3.305233e-19   1.915624e-14   3.075898e-10   1.521613e-06   1.824858e-03   9.981736e-01
         8.6000   4.379512e-64   7.155213e-56   1.856256e-48   1.248143e-41   2.031434e-35   8.599524e-30   1.606412e-24   1.609309e-19   1.078574e-14   2.008639e-10   1.154916e-06   1.604264e-03   9.983946e-01
         8.6500   8.778039e-65   1.627911e-56   4.553887e-49   3.494437e-42   6.492627e-36   3.168811e-30   6.788546e-25   7.839775e-20   6.076145e-15   1.312883e-10   8.778383e-07   1.409943e-03   9.985892e-01
         8.7000   1.761339e-65   3.707960e-57   1.117294e-49   9.785179e-43   2.075578e-36   1.167930e-30   2.869421e-25   3.820172e-20   3.424015e-15   8.586788e-11   6.679933e-07   1.238675e-03   9.987607e-01
         8.7500   3.536471e-66   8.451672e-58   2.740673e-50   2.739747e-43   6.634945e-37   4.304456e-31   1.212832e-25   1.861554e-20   1.929628e-15   5.618388e-11   5.087544e-07   1.087681e-03   9.989118e-01
         8.8000   7.102414e-67   1.926991e-58   6.719383e-51   7.668091e-44   2.120343e-37   1.585972e-31   5.125045e-26   9.069628e-21   1.087305e-15   3.676830e-11   3.877196e-07   9.545507e-04   9.990451e-01
         8.8500   1.426250e-67   4.393297e-59   1.646176e-51   2.144851e-44   6.772494e-38   5.840560e-32   2.164699e-26   4.417141e-21   6.124746e-16   2.406191e-11   2.956007e-07   8.371813e-04   9.991625e-01
         8.9000   2.862871e-68   1.001236e-59   4.029060e-52   5.994463e-45   2.161620e-38   2.149375e-32   9.137387e-27   2.150092e-21   3.448344e-16   1.574358e-11   2.254162e-07   7.337342e-04   9.992660e-01
         8.9500   5.742520e-69   2.280318e-60   9.849861e-53   1.673666e-45   6.893243e-39   7.903075e-33   3.853921e-27   1.045855e-21   1.940237e-16   1.029734e-11   1.719015e-07   6.425944e-04   9.993572e-01
         9.0000   1.150779e-69   5.188724e-61   2.404836e-53   4.667511e-46   2.195921e-39   2.902975e-33   1.623980e-27   5.083088e-22   1.090848e-16   6.731836e-12   1.310752e-07   5.623392e-04   9.994375e-01
