# CIE ionization fractions for O (Z=8)
# Source: CHIANTI v11.0.2 chianti.ioneq (Dere et al. 2009)
# T grid: 101 log-spaced points, 10^4.00 K -> 10^9.00 K
# Generated by pyathena/photchem/data/build_ioneq_tables.py
#
# log_T_K        x_O0           x_O1           x_O2           x_O3           x_O4           x_O5           x_O6           x_O7           x_O8         
         4.0000   9.976808e-01   2.319196e-03   8.731645e-18   5.527307e-43   2.348196e-60   9.975967e-78   4.238144e-95  1.800514e-112  7.649220e-130
         4.0500   9.852272e-01   1.477280e-02   5.227348e-15   3.631074e-37   1.542609e-54   6.553549e-72   2.784180e-89  1.182818e-106  5.025031e-124
         4.1000   9.256760e-01   7.432398e-02   1.526089e-12   5.525059e-32   5.370343e-62   2.281512e-79   9.692670e-97  4.117790e-114  1.749383e-131
         4.1500   7.337537e-01   2.662463e-01   2.064736e-10   2.007702e-27   5.246395e-54   2.228854e-71   9.468963e-89  4.022751e-106  1.709007e-123
         4.2000   4.174751e-01   5.825249e-01   1.163235e-08   1.682468e-23   5.082520e-47   2.159235e-64   9.173194e-82   3.897098e-99  1.655625e-116
         4.2500   1.802857e-01   8.197140e-01   2.989348e-07   3.793626e-20   6.236832e-41   7.852554e-72   3.336043e-89  1.417269e-106  6.021062e-124
         4.3000   7.493035e-02   9.250651e-01   4.508221e-06   3.125103e-17   1.426644e-35   5.913238e-63   2.512153e-80   1.067252e-97  4.534063e-115
         4.3500   3.510078e-02   9.648523e-01   4.696945e-05   1.157282e-14   8.040215e-31   4.463949e-55   7.608640e-85  3.232420e-102  1.373246e-119
         4.4000   1.937295e-02   9.802667e-01   3.603896e-04   2.125046e-12   1.311954e-26   4.356083e-48   2.039929e-74   8.666342e-92  3.681769e-109
         4.4500   1.230613e-02   9.856104e-01   2.083504e-03   2.031222e-10   6.879165e-23   6.656265e-42   3.674268e-65   1.560959e-82  6.631507e-100
         4.5000   8.568717e-03   9.822141e-01   9.217159e-03   1.050188e-08   1.264230e-19   1.886996e-36   5.775666e-57   2.453708e-74   1.042422e-91
         4.5500   6.224796e-03   9.619153e-01   3.185958e-02   3.083691e-07   8.919057e-17   1.173647e-31   1.017092e-49   4.320968e-67   1.835700e-84
         4.6000   4.505621e-03   9.075893e-01   8.789963e-02   5.451809e-06   2.659195e-14   1.888933e-27   2.546166e-43   1.081701e-60   4.595451e-78
         4.6500   3.107506e-03   8.009410e-01   1.958902e-01   6.130205e-05   3.665603e-12   9.143984e-24   1.124114e-37   4.775635e-55   2.028859e-72
         4.7000   1.969441e-03   6.428477e-01   3.547232e-01   4.596765e-04   2.534248e-10   1.522041e-20   1.060439e-32   4.505118e-50   1.913934e-67
         4.7500   1.132848e-03   4.655930e-01   5.308529e-01   2.421273e-03   9.570457e-09   9.926982e-18   2.565186e-28   1.089782e-45   4.629780e-63
         4.8000   6.005233e-04   3.097608e-01   6.800998e-01   9.538603e-03   2.170567e-07   2.900455e-15   1.905027e-24   8.093228e-42   3.438290e-59
         4.8500   3.008001e-04   1.943828e-01   7.754744e-01   2.983883e-02   3.233429e-06   4.295297e-13   5.120415e-21   2.175334e-38   9.241588e-56
         4.9000   1.443447e-04   1.167493e-01   8.059273e-01   7.714531e-02   3.380813e-05   3.548510e-11   5.687074e-18   2.416070e-35   1.026432e-52
         4.9500   6.603250e-05   6.681824e-02   7.654426e-01   1.674153e-01   2.577694e-04   1.743531e-09   2.874983e-15   1.221395e-32   5.188917e-50
         5.0000   2.833338e-05   3.586417e-02   6.576118e-01   3.050343e-01   1.461315e-03   5.314185e-08   7.103492e-13   3.017815e-30   1.282075e-47
         5.0500   1.127839e-05   1.785868e-02   5.079412e-01   4.679108e-01   6.277051e-03   1.044530e-06   9.151891e-11   9.853973e-44   4.186317e-61
         5.1000   4.186624e-06   8.293817e-03   3.560191e-01   6.146066e-01   2.106243e-02   1.389163e-05   6.601692e-09   3.388132e-38   1.439399e-55
         5.1500   1.470266e-06   3.644433e-03   2.305106e-01   7.084795e-01   5.723212e-02   1.316166e-04   2.865632e-07   2.838697e-33   3.266896e-64
         5.2000   4.923264e-07   1.527110e-03   1.393625e-01   7.288613e-01   1.293158e-01   9.248283e-04   7.936674e-06   6.779985e-29   2.118643e-56
         5.2500   1.562601e-07   6.065361e-04   7.840266e-02   6.704651e-01   2.454512e-01   4.928602e-03   1.457885e-04   5.238014e-25   1.907006e-49
         5.3000   4.627755e-08   2.247672e-04   4.049037e-02   5.466499e-01   3.907117e-01   2.010438e-02   1.818808e-03   1.449338e-21   2.892321e-43
         5.3500   1.247855e-08   7.582062e-05   1.876406e-02   3.878039e-01   5.151812e-01   6.260449e-02   1.557046e-02   1.555768e-18   8.691439e-38
         5.4000   2.881459e-09   2.189462e-05   7.350022e-03   2.263346e-01   5.348780e-01   1.426954e-01   8.872006e-02   6.686428e-16   5.745881e-33
         5.4500   4.994670e-10   4.743540e-06   2.135842e-03   9.569541e-02   3.868305e-01   2.122521e-01   3.030813e-01   1.095328e-13   8.491437e-29
         5.5000   6.066496e-11   7.196071e-07   4.302340e-04   2.746747e-02   1.833602e-01   1.952056e-01   5.935358e-01   6.869607e-12   2.986319e-25
         5.5500   6.032500e-12   8.929453e-08   7.025049e-05   6.274380e-03   6.701774e-02   1.314033e-01   7.952342e-01   2.057039e-10   3.282437e-22
         5.6000   5.928706e-13   1.093905e-08   1.123231e-05   1.380854e-03   2.293683e-02   7.906018e-02   8.966109e-01   3.761618e-09   1.510442e-19
         5.6500   6.290852e-14   1.444956e-09   1.922103e-06   3.206004e-04   8.071407e-03   4.691393e-02   9.446921e-01   4.830454e-08   3.486437e-17
         5.7000   7.397653e-15   2.112068e-10   3.614905e-07   8.076630e-05   3.010967e-03   2.843228e-02   9.684752e-01   4.678365e-07   4.497402e-15
         5.7500   9.673486e-16   3.427037e-11   7.499489e-08   2.218871e-05   1.199296e-03   1.779497e-02   9.809799e-01   3.567116e-06   3.496672e-13
         5.8000   1.402433e-16   6.153219e-12   1.711518e-08   6.636930e-06   5.101951e-04   1.154441e-02   9.879167e-01   2.207599e-05   1.739272e-11
         5.8500   2.247319e-17   1.218551e-12   4.284352e-09   2.157224e-06   2.317543e-04   7.784373e-03   9.918681e-01   1.135685e-04   5.817298e-10
         5.9000   3.978308e-18   2.659647e-13   1.175847e-09   7.622221e-07   1.126190e-04   5.479948e-03   9.939117e-01   4.949811e-04   1.364625e-08
         5.9500   7.797547e-19   6.411150e-14   3.546315e-10   2.936477e-07   5.879688e-05   4.053453e-03   9.940327e-01   1.854569e-03   2.325516e-07
         6.0000   1.696368e-19   1.710717e-14   1.178287e-10   1.237296e-07   3.312014e-05   3.169240e-03   9.907619e-01   6.032695e-03   2.961412e-06
         6.0500   4.085748e-20   5.039254e-15   4.301930e-11   5.690240e-08   2.010769e-05   2.619888e-03   9.802131e-01   1.711804e-02   2.878137e-05
         6.1000   1.075426e-20   1.617348e-15   1.703656e-11   2.820668e-08   1.300439e-05   2.265527e-03   9.551492e-01   4.235575e-02   2.165321e-04
         6.1500   3.018488e-21   5.517918e-16   7.140866e-12   1.471100e-08   8.751953e-06   2.003433e-03   9.057032e-01   9.101230e-02   1.272261e-03
         6.2000   8.754154e-22   1.938879e-16   3.069682e-12   7.824633e-09   5.945099e-06   1.758450e-03   8.233559e-01   1.690025e-01   5.877104e-03
         6.2500   2.541079e-22   6.796033e-17   1.310955e-12   4.112627e-09   3.952019e-06   1.486224e-03   7.065935e-01   2.704140e-01   2.150232e-02
         6.3000   7.171491e-23   2.308185e-17   5.403399e-13   2.075646e-09   2.499657e-06   1.176978e-03   5.636770e-01   3.723446e-01   6.279893e-02
         6.3500   1.917308e-23   7.400902e-18   2.094468e-13   9.804184e-10   1.467012e-06   8.524976e-04   4.113878e-01   4.404177e-01   1.473406e-01
         6.4000   4.765066e-24   2.198346e-18   7.493122e-14   4.254472e-10   7.846502e-07   5.553535e-04   2.714776e-01   4.479508e-01   2.800154e-01
         6.4500   1.098920e-24   6.038613e-19   2.470169e-14   1.693720e-10   3.821559e-07   3.255561e-04   1.625124e-01   3.972581e-01   4.399036e-01
         6.5000   2.396837e-25   1.563440e-19   7.648938e-15   6.307045e-11   1.729040e-07   1.754636e-04   9.027007e-02   3.168702e-01   5.926841e-01
         6.5500   5.092621e-26   3.930167e-20   2.292115e-15   2.263805e-11   7.493090e-08   8.978607e-05   4.805667e-02   2.363195e-01   7.155340e-01
         6.6000   1.082671e-26   9.853399e-21   6.829079e-16   8.048230e-12   3.197984e-08   4.491646e-05   2.523935e-02   1.704468e-01   8.042689e-01
         6.6500   2.344683e-27   2.508606e-21   2.060047e-16   2.886682e-12   1.369879e-08   2.241861e-05   1.333717e-02   1.216919e-01   8.649485e-01
         6.7000   5.222732e-28   6.549340e-22   6.354839e-17   1.055232e-12   5.952844e-09   1.129799e-05   7.170403e-03   8.720064e-02   9.056177e-01
         6.7500   1.201454e-28   1.760805e-22   2.013495e-17   3.949522e-13   2.637657e-09   5.784466e-06   3.943017e-03   6.317554e-02   9.328757e-01
         6.8000   2.856802e-29   4.879842e-23   6.560328e-18   1.515615e-13   1.193899e-09   3.017104e-06   2.222028e-03   4.643439e-02   9.513406e-01
         6.8500   7.015352e-30   1.393102e-23   2.196889e-18   5.961417e-14   5.521119e-10   1.604573e-06   1.283331e-03   3.466776e-02   9.640473e-01
         6.9000   1.776229e-30   4.090698e-24   7.551449e-19   2.400747e-14   2.606672e-10   8.700009e-07   7.589765e-04   2.629200e-02   9.729482e-01
         6.9500   4.627771e-31   1.233291e-24   2.660008e-19   9.884561e-15   1.255090e-10   4.806256e-07   4.590591e-04   2.024326e-02   9.792972e-01
         7.0000   1.238169e-31   3.810405e-25   9.585691e-20   4.154547e-15   6.155594e-11   2.703080e-07   2.835596e-04   1.580933e-02   9.839068e-01
         7.0500   3.395120e-32   1.204257e-25   3.527985e-20   1.779924e-15   3.071479e-11   1.546239e-07   1.786218e-04   1.251082e-02   9.873104e-01
         7.1000   9.523023e-33   3.886492e-26   1.324061e-20   7.762187e-16   1.557424e-11   8.987791e-08   1.145884e-04   1.002182e-02   9.898635e-01
         7.1500   2.727529e-33   1.278750e-26   5.059764e-21   3.441189e-16   8.016381e-12   5.303827e-08   7.476506e-05   8.118102e-03   9.918071e-01
         7.2000   7.963839e-34   4.283051e-27   1.966091e-21   1.549013e-16   4.184307e-12   3.174680e-08   4.955451e-05   6.643352e-03   9.933071e-01
         7.2500   2.366840e-34   1.458337e-27   7.758578e-22   7.072025e-17   2.212759e-12   1.925813e-08   3.332769e-05   5.487150e-03   9.944795e-01
         7.3000   7.149718e-35   5.041271e-28   3.105692e-22   3.271366e-17   1.184477e-12   1.182975e-08   2.272007e-05   4.570468e-03   9.954068e-01
         7.3500   2.192323e-35   1.767167e-28   1.259676e-22   1.531774e-17   6.412676e-13   7.352607e-09   1.568451e-05   3.836025e-03   9.961483e-01
         7.4000   6.815126e-36   6.274533e-29   5.171771e-23   7.253532e-18   3.508557e-13   4.620399e-09   1.095443e-05   3.241796e-03   9.967472e-01
         7.4500   2.145302e-36   2.254194e-29   2.147238e-23   3.470745e-18   1.938498e-13   2.933382e-09   7.733723e-06   2.756592e-03   9.972357e-01
         7.5000   6.830748e-37   8.186023e-30   9.007093e-24   1.676726e-18   1.080771e-13   1.880167e-09   5.514545e-06   2.357013e-03   9.976375e-01
         7.5500   2.197663e-37   3.002030e-30   3.813951e-24   8.172042e-19   6.076156e-14   1.215791e-09   3.968374e-06   2.025319e-03   9.979707e-01
         7.6000   7.137384e-38   1.110778e-30   1.628892e-24   4.015190e-19   3.442359e-14   7.926128e-10   2.879865e-06   1.747932e-03   9.982492e-01
         7.6500   2.337749e-38   4.143244e-31   7.011224e-25   1.987374e-19   1.963953e-14   5.206140e-10   2.106096e-06   1.514364e-03   9.984835e-01
         7.7000   7.715353e-39   1.556694e-31   3.039161e-25   9.902732e-20   1.127663e-14   3.443067e-10   1.551078e-06   1.316441e-03   9.986820e-01
         7.7500   2.563614e-39   5.886866e-32   1.325751e-25   4.964199e-20   6.512324e-15   2.291297e-10   1.149624e-06   1.147743e-03   9.988511e-01
         7.8000   8.569388e-40   2.239078e-32   5.815996e-26   2.502027e-20   3.780490e-15   1.533437e-10   8.569889e-07   1.003184e-03   9.989960e-01
         7.8500   2.879582e-40   8.559796e-33   2.564263e-26   1.267147e-20   2.204821e-15   1.031458e-10   6.421491e-07   8.787082e-04   9.991206e-01
         7.9000   9.720636e-41   3.286924e-33   1.135573e-26   6.444817e-21   1.291164e-15   6.969530e-11   4.833881e-07   7.710553e-04   9.992285e-01
         7.9500   3.294344e-41   1.267037e-33   5.048195e-27   3.290139e-21   7.588473e-16   4.728226e-11   3.653654e-07   6.775862e-04   9.993220e-01
         8.0000   1.120200e-41   4.900280e-34   2.251626e-27   1.685089e-21   4.473912e-16   3.219036e-11   2.771510e-07   5.961500e-04   9.994036e-01
         8.0500   3.819781e-42   1.900474e-34   1.007122e-27   8.654383e-22   2.644775e-16   2.198310e-11   2.108937e-07   5.249816e-04   9.994748e-01
         8.1000   1.305509e-42   7.387657e-35   4.515405e-28   4.455208e-22   1.567039e-16   1.505234e-11   1.609101e-07   4.626227e-04   9.995372e-01
         8.1500   4.470138e-43   2.877177e-35   2.028424e-28   2.297981e-22   9.302403e-17   1.033000e-11   1.230563e-07   4.078600e-04   9.995920e-01
         8.2000   1.532785e-43   1.122199e-35   9.126451e-29   1.187173e-22   5.530738e-17   7.102664e-12   9.429057e-08   3.596780e-04   9.996402e-01
         8.2500   5.261351e-44   4.381876e-36   4.111265e-29   6.140822e-23   3.292338e-17   4.891276e-12   7.236551e-08   3.172208e-04   9.996827e-01
         8.3000   1.807265e-44   1.712367e-36   1.853713e-29   3.179457e-23   1.961701e-17   3.372653e-12   5.561126e-08   2.797623e-04   9.997202e-01
         8.3500   6.210458e-45   6.695046e-37   8.363343e-30   1.647310e-23   1.169643e-17   2.327826e-12   4.278016e-08   2.466834e-04   9.997533e-01
         8.4000   2.134448e-45   2.618290e-37   3.774658e-30   8.538621e-24   6.976923e-18   1.607870e-12   3.293544e-08   2.174523e-04   9.997825e-01
         8.4500   7.335076e-46   1.023975e-37   1.703874e-30   4.426854e-24   4.162671e-18   1.111159e-12   2.537053e-08   1.916102e-04   9.998084e-01
         8.5000   2.519939e-46   4.003877e-38   7.690827e-31   2.295165e-24   2.483685e-18   7.681392e-13   1.955037e-08   1.687592e-04   9.998312e-01
         8.5500   8.652930e-47   1.565002e-38   3.470630e-31   1.189789e-24   1.481717e-18   5.310874e-13   1.506828e-08   1.485524e-04   9.998514e-01
         8.6000   2.969313e-47   6.113998e-39   1.565587e-31   6.165935e-25   8.837209e-19   3.671866e-13   1.161418e-08   1.306861e-04   9.998693e-01
         8.6500   1.018147e-47   2.387014e-39   7.058663e-32   3.194071e-25   5.268559e-19   2.538303e-13   8.950997e-09   1.148936e-04   9.998851e-01
         8.7000   3.488009e-48   9.312260e-40   3.180499e-32   1.653709e-25   3.139411e-19   1.754222e-13   6.897008e-09   1.009397e-04   9.998991e-01
         8.7500   1.193759e-48   3.629821e-40   1.432038e-32   8.556598e-26   1.869581e-19   1.211897e-13   5.312671e-09   8.861649e-05   9.999114e-01
         8.8000   4.081258e-49   1.413551e-40   6.442667e-33   4.424220e-26   1.112619e-19   8.368543e-14   4.090631e-09   7.773988e-05   9.999223e-01
         8.8500   1.393745e-49   5.499293e-41   2.896013e-33   2.285796e-26   6.616479e-20   5.775700e-14   3.148192e-09   6.814643e-05   9.999319e-01
         8.9000   4.754047e-50   2.137222e-41   1.300578e-33   1.179995e-26   3.931543e-20   3.983858e-14   2.421583e-09   5.969088e-05   9.999403e-01
         8.9500   1.619643e-50   8.297048e-42   5.835200e-34   6.086210e-27   2.334193e-20   2.746159e-14   1.861584e-09   5.224401e-05   9.999478e-01
         9.0000   5.511120e-51   3.217487e-42   2.615443e-34   3.136344e-27   1.384632e-20   1.891702e-14   1.430190e-09   4.569080e-05   9.999543e-01
