data/Rosolowsky21-GMC-catalogue.ecsv
# %ECSV 0.9
# ---
# datatype:
# - {name: GALAXY, datatype: string}
# - {name: CLOUDNUM, datatype: int64}
# - name: XCTR_DEG
#   unit: deg
#   datatype: float64
#   meta: {description: RA of GMC Centre}
# - name: YCTR_DEG
#   unit: deg
#   datatype: float64
#   meta: {description: Dec of GMC Centre}
# - name: VCTR_KMS
#   unit: km / s
#   datatype: float64
#   meta: {description: VLSR of GMC Centre}
# - name: RAD_PC
#   unit: pc
#   datatype: float64
#   meta: {description: GMC radius}
# - name: ECCEN
#   datatype: float64
#   meta: {description: GMC eccentricity (axis ratio)}
# - name: SIGV_KMS
#   unit: km / s
#   datatype: float64
#   meta: {description: GMC velocity dispersion}
# - name: FLUX_KKMS_PC2
#   unit: K km pc2 / s
#   datatype: float64
#   meta: {description: CO(2-1) Flux from GMC}
# - name: MLUM_MSUN
#   unit: solMass
#   datatype: float64
#   meta: {description: CO-based mass estimate}
# - name: MVIR_MSUN
#   unit: solMass
#   datatype: float64
#   meta: {description: Virial-based mass estimate}
# delimiter: ','
# meta: !!omap
# - __serialized_columns__:
#     FLUX_KKMS_PC2:
#       __class__: astropy.units.quantity.Quantity
#       __info__:
#         meta: {description: CO(2-1) Flux from GMC}
#       unit: !astropy.units.Unit {unit: K km pc2 / s}
#       value: !astropy.table.SerializedColumn {name: FLUX_KKMS_PC2}
#     MLUM_MSUN:
#       __class__: astropy.units.quantity.Quantity
#       __info__:
#         meta: {description: CO-based mass estimate}
#       unit: &id001 !astropy.units.Unit {unit: solMass}
#       value: !astropy.table.SerializedColumn {name: MLUM_MSUN}
#     MVIR_MSUN:
#       __class__: astropy.units.quantity.Quantity
#       __info__:
#         meta: {description: Virial-based mass estimate}
#       unit: *id001
#       value: !astropy.table.SerializedColumn {name: MVIR_MSUN}
#     RAD_PC:
#       __class__: astropy.units.quantity.Quantity
#       __info__:
#         meta: {description: GMC radius}
#       unit: !astropy.units.Unit {unit: pc}
#       value: !astropy.table.SerializedColumn {name: RAD_PC}
#     SIGV_KMS:
#       __class__: astropy.units.quantity.Quantity
#       __info__:
#         meta: {description: GMC velocity dispersion}
#       unit: !astropy.units.Unit {unit: km / s}
#       value: !astropy.table.SerializedColumn {name: SIGV_KMS}
#     VCTR_KMS:
#       __class__: astropy.units.quantity.Quantity
#       __info__:
#         meta: {description: VLSR of GMC Centre}
#       unit: !astropy.units.Unit {unit: km / s}
#       value: !astropy.table.SerializedColumn {name: VCTR_KMS}
#     XCTR_DEG:
#       __class__: astropy.units.quantity.Quantity
#       __info__:
#         meta: {description: RA of GMC Centre}
#       unit: &id002 !astropy.units.Unit {unit: deg}
#       value: !astropy.table.SerializedColumn {name: XCTR_DEG}
#     YCTR_DEG:
#       __class__: astropy.units.quantity.Quantity
#       __info__:
#         meta: {description: Dec of GMC Centre}
#       unit: *id002
#       value: !astropy.table.SerializedColumn {name: YCTR_DEG}
# schema: astropy-2.0
GALAXY,CLOUDNUM,XCTR_DEG,YCTR_DEG,VCTR_KMS,RAD_PC,ECCEN,SIGV_KMS,FLUX_KKMS_PC2,MLUM_MSUN,MVIR_MSUN
[from data line 5711]
ngc6300,464,259.2118635815101,-62.8110880599702,971.5137410062524,68.33225526217471,0.7320542725008782,5.9843370670169085,254435.6860804452,1699110.6133756472,2557980.648408051
ngc6300,465,259.20429694645674,-62.811315988601294,968.1340759071834,72.25171077287905,0.6516258711346906,5.082273885685427,226698.68775265454,1596155.5136002393,1914827.0110516918
ngc6300,466,259.21447711866557,-62.81020549101804,970.6231192034735,63.321518857491064,0.8714850553288795,7.38999137765828,232466.45999608148,1549948.7167570237,3707689.8924168227
ngc6300,467,259.2098208801965,-62.804303319864104,974.3850559438574,nan,nan,0.5536109619917463,15366.759296240187,119371.05548155136,nan
ngc6300,468,259.22537970250806,-62.820966476518365,977.1557666330101,82.23430551281034,0.6602479243919901,5.4815862489170115,435449.16642779805,2421439.917538638,2428263.696400978
ngc6300,469,259.2196029113793,-62.81953070620672,972.3004322712328,65.0739579858047,0.9544459520256179,3.856698237232916,240428.04620940657,1403344.956096669,1028373.2968939673
ngc6300,470,259.2090574164394,-62.81785484045119,974.9264265319744,98.78522510874605,0.8460503636357691,5.979899404806644,286315.70889803406,1846547.9724321072,3265605.682350411
ngc6300,471,259.2008193073283,-62.817256249946205,968.7517848515823,72.99817587363788,0.7118319785598649,3.8536993465506173,452185.97637555556,3156871.6584466356,1108523.7134287057
ngc6300,472,259.20915158328313,-62.8104480769207,968.1320200829775,42.05522356857863,0.9598470893055824,5.562319304983305,155554.21816304716,1069920.8039374808,1509349.3328618568
ngc6300,473,259.2054227930831,-62.809620245035426,968.6928131231796,84.32182473095838,0.7366864579598578,3.843021596789109,111783.79984181451,800060.0718145707,1213631.8675051979
ngc6300,474,259.20607485589096,-62.80774303733071,969.4268241606886,97.33109429924495,0.7459470908104678,5.428814795179103,258636.4751036961,1904965.4756040804,2664970.7493400327
ngc6300,475,259.21587299345686,-62.81946393803982,979.0648045103206,55.11855975571294,0.894842420549684,9.129127883112139,358192.9100074492,2168126.0699700615,5158282.774944828
ngc6300,476,259.20481997687045,-62.81868321717959,974.8842100061746,56.64795467239338,0.8145556805277248,4.944357181320797,521766.0183204084,3510691.212394707,1540956.8818552622
ngc6300,477,259.1869842603999,-62.81834791986631,968.3363313740126,nan,nan,0.4022255243680763,36194.93733892292,289721.96158712957,nan
ngc6300,478,259.20311720659555,-62.81788150864291,971.0506319960989,39.511980542300876,0.9044480178778106,4.334886272835985,211835.60507953572,1446946.6985946721,861275.720818789
ngc6300,479,259.2075657070252,-62.816241629493874,971.6797321917442,48.49434267889692,0.9394439497879599,3.796885700199863,184853.41295863828,1212674.720065772,810968.7386771736
ngc6300,480,259.2001641825694,-62.81572976214999,963.8494258750956,89.72902966782303,0.8922126182775907,4.394494390133425,293705.89615641715,2068055.905166836,1654072.2171200132
ngc6300,481,259.2191237011567,-62.81513651175736,970.6346406421297,88.7122614482087,0.1054789039581415,5.891365173839083,193118.44312635047,1152823.1541167772,2950319.0073127835
ngc6300,482,259.1968579039587,-62.81256014314881,967.6226350863978,68.97362627317105,0.4801158039531498,1.3797290625919163,121583.5038142228,898482.7990562769,136822.54207646093
ngc6300,483,259.19500505075536,-62.81158374791088,961.5560070500377,41.73231946890804,0.3913507420608845,5.356709611827827,35972.22683487476,272463.97169610095,1389078.2787096368
ngc6300,484,259.21162081711157,-62.80999274083446,964.5031857791429,71.92850889369348,0.7256540192486113,4.635773152809713,949225.6964254938,6471108.224227927,1588399.3996461476
ngc6300,485,259.20769370255096,-62.80887545287883,965.1549745740035,101.12895907040797,0.7044312222965203,3.4916663500637943,309401.1644994206,2208447.611145944,1130916.3697830215
ngc6300,486,259.20219591404555,-62.807887220818245,965.5816065239457,87.61543611153716,0.9789191099731475,3.2932328807980182,75224.205223604,566799.7167337602,914281.5611365513
ngc6300,487,259.2251673595582,-62.81861152762503,969.2600137979058,53.32424235916094,0.8546409151449401,5.650872252685085,90485.85437485063,499911.5820798075,1933282.999796667
ngc6300,488,259.2342924585404,-62.81765602992698,965.88306809021,33.867663040843716,0.9223568850312481,4.120929552565661,102634.45787974716,526257.2191138575,667165.530369711
ngc6300,489,259.24180905251734,-62.8175767566187,963.5431681855265,45.587374830358364,0.9321357336672498,3.886147822052904,167224.7651644566,819666.8837670527,798621.8824739521
ngc6300,490,259.20336436440374,-62.81688382367179,967.9907775014319,75.59794123401798,0.8300350462308437,2.469315836196144,173445.0963478588,1181962.2848313202,465880.5572335373
ngc6300,491,259.21578320867695,-62.81547264030154,969.6223790451028,88.90168508246094,0.8812816513122861,0.9405858650140987,140289.5802481304,858550.9740333332,75309.8094025304
ngc6300,492,259.2127271981581,-62.81475846492039,964.6607852206372,53.450530319375076,0.9847122367284822,4.447433117308952,176856.37533969744,1118197.882108291,1199411.4423548728
ngc6300,493,259.2032029181535,-62.81226614057521,967.991460081207,65.9051791091478,0.810577569957355,5.66267680013242,295349.02399300726,2074195.6328612152,2235825.4910886437
ngc6300,494,259.20686750865684,-62.81059393918014,962.5739614139484,29.122644081151222,0.9389835570383382,3.1740392627166907,138498.24542347703,966121.7525991091,340340.3029500757
ngc6300,495,259.2291118575339,-62.81822312730379,966.6878688731542,63.60663649787605,0.9460719210016777,4.864819800696212,96775.53676683523,516025.5326691853,1611572.2998503426
ngc6300,496,259.2171887625936,-62.81507827757558,966.6049322865244,58.83340162541021,0.9575505433082292,2.012724196114791,166931.6191371472,1013217.2387431827,261878.09024089258
ngc6300,497,259.2009054739131,-62.81358324949839,960.6583323089028,105.65241081308692,0.12453875375471184,7.35652444420693,142058.19154741897,1005060.4333655806,5168679.814926332
ngc6300,498,259.20322155323754,-62.8065742687463,960.1176852322295,133.85686994723577,0.9792930558838978,1.7914075568644654,122559.36756146586,939693.1513712887,358864.56011544954
ngc6300,499,259.2423002610934,-62.82053555800136,958.8277246611088,99.66414710349723,0.6904685409140258,14.683244312010821,235934.15899123665,1106484.0034354317,19805448.29337624
ngc6300,500,259.233494463107,-62.81920790269375,960.7327970189843,nan,nan,6.307233262534262,145713.61865470605,743152.876541977,nan
ngc6300,501,259.1994079995971,-62.81027786923112,958.0291035495939,38.61518750429189,0.9890943454274196,3.854453188550789,156000.5602632359,1156717.4755061525,665490.2368343554
ngc6300,502,259.2421831262231,-62.821795627655334,962.4673627688552,101.97696473563498,0.8841710802794314,12.619362612720304,1050727.127952146,5028325.397512771,14854483.34755665
ngc6300,503,259.24641332758375,-62.82060327544397,967.0103223480497,116.79060113157558,0.6645053866198998,20.04788890537105,3013525.263100943,13578069.576207353,41038412.00532192
ngc6300,504,259.2349244096913,-62.81907586825783,959.3685583085608,79.15043569603228,0.930813741496754,5.953276511635502,289518.7628607848,1457658.3055442576,2792087.171728152
ngc6300,505,259.22590048681167,-62.81831575864052,962.1614840684562,52.22881194275185,0.9592574841310025,5.759556284427682,140019.8615773865,768778.1614785098,1980764.3400604236
ngc6300,506,259.2063726306718,-62.816099726528044,962.9542106798189,nan,nan,4.021281696622144,121936.93241977828,809272.1462222205,nan
ngc6300,507,259.1960045145347,-62.808485649163316,954.3560174686824,101.33294125724433,0.9838262872753396,3.4034625661234377,368424.3638070393,2873994.410909832,1075945.7627026332
ngc6300,508,259.19489940149583,-62.81006906901528,955.7508958224437,58.24923850339499,0.926663154056239,1.870217949645345,216287.37509529485,1666525.0780328184,224608.36881999366
ngc6300,509,259.24288755777155,-62.818607224570044,952.748941109108,114.26720741913493,0.844960077990838,8.417012479033218,370044.1460717593,1760927.6254294135,7129269.11348603
ngc6300,510,259.24227961460167,-62.819775878064995,938.1185488165015,61.05302168852848,0.9049798176094546,6.648414147949039,311375.855282163,1460758.9737058128,2928794.4724399243
