data/Rosolowsky21-GMC-catalogue.ecsv
# %ECSV 0.9
# ---
# datatype:
# - {name: GALAXY, datatype: string}
# - {name: CLOUDNUM, datatype: int64}
# - name: XCTR_DEG
#   unit: deg
#   datatype: float64
#   meta: {description: RA of GMC Centre}
# - name: YCTR_DEG
#   unit: deg
#   datatype: float64
#   meta: {description: Dec of GMC Centre}
# - name: VCTR_KMS
#   unit: km / s
#   datatype: float64
#   meta: {description: VLSR of GMC Centre}
# - name: RAD_PC
#   unit: pc
#   datatype: float64
#   meta: {description: GMC radius}
# - name: ECCEN
#   datatype: float64
#   meta: {description: GMC eccentricity (axis ratio)}
# - name: SIGV_KMS
#   unit: km / s
#   datatype: float64
#   meta: {description: GMC velocity dispersion}
# - name: FLUX_KKMS_PC2
#   unit: K km pc2 / s
#   datatype: float64
#   meta: {description: CO(2-1) Flux from GMC}
# - name: MLUM_MSUN
#   unit: solMass
#   datatype: float64
#   meta: {description: CO-based mass estimate}
# - name: MVIR_MSUN
#   unit: solMass
#   datatype: float64
#   meta: {description: Virial-based mass estimate}
# delimiter: ','
# meta: !!omap
# - __serialized_columns__:
#     FLUX_KKMS_PC2:
#       __class__: astropy.units.quantity.Quantity
#       __info__:
#         meta: {description: CO(2-1) Flux from GMC}
#       unit: !astropy.units.Unit {unit: K km pc2 / s}
#       value: !astropy.table.SerializedColumn {name: FLUX_KKMS_PC2}
#     MLUM_MSUN:
#       __class__: astropy.units.quantity.Quantity
#       __info__:
#         meta: {description: CO-based mass estimate}
#       unit: &id001 !astropy.units.Unit {unit: solMass}
#       value: !astropy.table.SerializedColumn {name: MLUM_MSUN}
#     MVIR_MSUN:
#       __class__: astropy.units.quantity.Quantity
#       __info__:
#         meta: {description: Virial-based mass estimate}
#       unit: *id001
#       value: !astropy.table.SerializedColumn {name: MVIR_MSUN}
#     RAD_PC:
#       __class__: astropy.units.quantity.Quantity
#       __info__:
#         meta: {description: GMC radius}
#       unit: !astropy.units.Unit {unit: pc}
#       value: !astropy.table.SerializedColumn {name: RAD_PC}
#     SIGV_KMS:
#       __class__: astropy.units.quantity.Quantity
#       __info__:
#         meta: {description: GMC velocity dispersion}
#       unit: !astropy.units.Unit {unit: km / s}
#       value: !astropy.table.SerializedColumn {name: SIGV_KMS}
#     VCTR_KMS:
#       __class__: astropy.units.quantity.Quantity
#       __info__:
#         meta: {description: VLSR of GMC Centre}
#       unit: !astropy.units.Unit {unit: km / s}
#       value: !astropy.table.SerializedColumn {name: VCTR_KMS}
#     XCTR_DEG:
#       __class__: astropy.units.quantity.Quantity
#       __info__:
#         meta: {description: RA of GMC Centre}
#       unit: &id002 !astropy.units.Unit {unit: deg}
#       value: !astropy.table.SerializedColumn {name: XCTR_DEG}
#     YCTR_DEG:
#       __class__: astropy.units.quantity.Quantity
#       __info__:
#         meta: {description: Dec of GMC Centre}
#       unit: *id002
#       value: !astropy.table.SerializedColumn {name: YCTR_DEG}
# schema: astropy-2.0
GALAXY,CLOUDNUM,XCTR_DEG,YCTR_DEG,VCTR_KMS,RAD_PC,ECCEN,SIGV_KMS,FLUX_KKMS_PC2,MLUM_MSUN,MVIR_MSUN
[from data line 740]
ngc1637,269,70.37867271498264,-2.8443467998547294,622.4225150413414,48.45248429243019,0.9337187972334899,3.7220944728484,98368.7669551185,848498.3309558257,778661.7163893736
ngc1637,270,70.37861520142022,-2.8436437152168117,620.499116464897,71.33599897346589,0.9715232117378934,3.5064284772612813,128595.45655415194,1124443.8825834692,903754.4702126527
ngc1637,271,70.3747735642681,-2.837290827625705,619.8406601158872,nan,nan,1.165034163507472,60684.977017507445,586904.2392175131,nan
ngc1637,272,70.37753787703055,-2.8387881775429458,617.073852577803,nan,nan,2.1158858643015033,35881.62525980078,345016.85344624857,nan
ngc1637,273,70.37573314972525,-2.8376117919153754,612.4771943700437,80.57594162533346,0.8969662881800528,3.578656130585637,256481.04283830043,2483719.628868314,1020997.9167277673
ngc1637,274,70.38110109995729,-2.8401004311088003,614.2334284965207,nan,nan,nan,19776.51739197345,196312.11460302208,nan
ngc1637,275,70.38341097953881,-2.837742420071886,607.4632783622807,35.131545196581435,0.9627198848841318,0.33927797546624655,41743.71778408322,456936.69061263703,4691.012357146906
ngc2903,1,143.05435811886133,21.485511528775653,1022.420489904551,nan,nan,nan,81284.29112377805,711901.7547754189,nan
ngc2903,2,143.0310258162647,21.476080817819113,751.8069872835634,45.84722728080463,0.738864682337127,5.1918930084102755,228178.7324892019,1546446.088676258,1433581.980380112
ngc2903,3,143.03135408294594,21.472539886227413,751.0859329392741,38.39195619837105,0.8622196603693656,3.6925061824394594,340691.02752901387,2443635.5499439305,607212.4854828424
ngc2903,4,143.03089067549777,21.471282561419162,748.9143667423311,63.223315601553196,0.8755345716055712,4.878405422489172,402279.06741517084,2947345.4659047076,1614068.450499154
ngc2903,5,143.03184328319546,21.478177684745745,752.3043530256822,61.31764268022228,0.5220113778876673,3.09001562781931,158952.2023800552,1040058.294177608,634492.231794866
ngc2903,6,143.03347401985397,21.478674906864953,747.3041394214838,53.9721210052716,0.8879034787985355,6.579777474881955,687854.8111411306,4447813.467182082,2642307.718290513
ngc2903,7,143.02948071245572,21.47965678555218,747.4745603132833,40.939181851648236,0.7842612576095576,3.5475489114100403,121201.72621437757,795226.000415213,597659.6448351897
ngc2903,8,143.02753061748135,21.474067439388314,742.1508889291691,74.00103687052389,0.740728168329191,4.216009367688984,366026.46101143217,2617246.397944865,1338884.13353003
ngc2903,9,143.0336908892698,21.4770011296196,742.723321600459,83.08400003580145,0.7057804855402411,4.1750781541560285,634590.3778143303,4225113.905573304,1418367.6191997912
ngc2903,10,143.03306305825043,21.47932919546692,746.7527000856157,nan,nan,5.478124776542071,503333.26770412835,3221590.1470393254,nan
ngc2903,11,143.0319577161899,21.479621059461397,747.0997641419331,42.67906424448187,0.2565810661875833,5.726479548697729,406128.8308040217,2600445.393567013,1623485.0961117148
ngc2903,12,143.02867277028116,21.468042293305977,741.0505596021982,50.935026838560695,0.9597559846883608,4.5332415828968395,135632.18243281756,1050191.9563697383,1206729.9117595241
ngc2903,13,143.03255131004897,21.46959478303946,743.8562305563503,85.61630898695104,0.8176777329419896,3.177062217013507,315998.053701037,2399170.7528812164,837922.3300638364
ngc2903,14,143.03315360838002,21.471302134579098,743.8091223907301,67.49819125795193,0.3765702877781361,2.754489850216158,402056.93165462906,2965978.4844535934,537516.4588957343
ngc2903,15,143.0313145913253,21.473641144986047,746.1913668925278,58.896230750345076,0.6360369812309037,3.732008075676478,399635.89378989284,2813716.2106726146,901000.035551395
ngc2903,16,143.0272826849245,21.476523423785988,743.6505925145743,90.66941822546694,0.8266859550064543,5.682827369299598,90159.99852905875,629476.0446178577,2785377.9735365254
ngc2903,17,143.03155659894787,21.477109208011832,748.1773032429521,46.64209638963082,0.7132225801239268,7.294779728192447,103245.34189847905,687387.9709954151,2879124.309532467
ngc2903,18,143.03080496726548,21.47877030227827,744.2646955886787,61.416620506951745,0.7917990328118646,2.6349752812438254,231987.1640177001,1515656.0411615896,461875.6055824243
ngc2903,19,143.03016720068322,21.481134242639,743.1390723570103,66.10256310318348,0.5244488673820242,5.645704186667186,124848.4739456208,799360.7412932265,2226878.0184182175
ngc2903,20,143.02900396871615,21.466888462265267,744.5886848606444,41.39657234398226,0.9391760225104014,3.406037143225645,121465.39202558203,958443.8238318341,557084.5722766644
ngc2903,21,143.03092750346084,21.469578690048817,743.3126163521409,96.97804609467502,0.790652957847846,5.2130120723773,191575.14777655018,1445863.9983065522,2451363.630991158
ngc2903,22,143.03022287505323,21.475056626223367,745.4763461136579,83.0325472684377,0.8064031632716909,4.579403145161144,127744.46758906837,882415.9066719889,1705681.6911915955
ngc2903,23,143.02778478700867,21.477430903961675,740.5330882259157,52.747479113409796,0.3737079162105523,5.4171780920084345,243181.77285632107,1670711.541513621,1763851.5190172016
ngc2903,24,143.02861337011694,21.478769664451015,744.4773369486378,40.019507529769456,0.5136976414914086,3.300049406039698,84581.92242887306,566738.778208536,505557.564516747
ngc2903,25,143.03299023717307,21.480196555418562,746.0342759487903,46.527825837602045,0.7501066010958952,4.641350689880994,736015.9456802019,4648464.422369092,1162678.1645169032
ngc2903,26,143.03072839840883,21.482816291772767,742.3986985622422,76.19987696694302,0.7632178602582624,4.58294575855804,261486.80391147608,1633879.784018263,1613269.5565277569
ngc2903,27,143.03020974481637,21.46680987353795,740.0829931799705,102.93512457908163,0.9730811235675692,6.687773060660023,134363.62040288796,1063395.2147127867,4198106.406145486
ngc2903,28,143.0237940782423,21.46947111297898,735.082258282569,44.170512070418035,0.8526604267139611,1.9146819775358854,98087.4052658322,772033.6838250429,187838.1153227306
ngc2903,29,143.0279985830331,21.47092857535665,740.1956089359193,nan,nan,nan,23978.98358955441,178056.50854132677,nan
ngc2903,30,143.03405690715954,21.48032285976322,740.088018273649,54.822327863816426,0.9049456028392048,4.948607848735223,706423.8472673486,4442552.044692059,1510262.3122519602
ngc2903,31,143.03326848647228,21.47257510441137,739.3406198629974,72.193159536593,0.6171886103489219,4.419371473045434,61981.50888439453,446707.4940085196,1447103.8737514867
ngc2903,32,143.03374997827964,21.474870907361268,735.5879104013438,72.16573312728433,0.7564408503241308,4.832159790216284,194287.7611251586,1344852.52434289,1729622.1974060093
ngc2903,33,143.02817073857008,21.47520681404058,737.9541187970468,76.34717894467603,0.6976652725330629,3.243376064131159,122930.07689038246,861231.9772606563,809042.3733021274
ngc2903,34,143.0319299071876,21.48068070185598,738.1969857695826,50.19949189655329,0.22602222278574677,6.232390057017849,260177.13455953548,1642152.754702671,2258864.2061393326
ngc2903,35,143.03272885747236,21.48166209300142,735.1694458276698,60.203412804752055,0.6544430085720391,7.469054878950396,679903.8821064353,4209143.318387747,3662070.4846334024
ngc2903,36,143.035950438298,21.475605123473887,726.5374911228878,96.91994452513057,0.547101829633442,6.644866449350775,594438.0622452074,4120856.7878667503,3981340.0758019825
ngc2903,37,143.02810108977107,21.478454266093216,737.0756449667416,48.7455136312205,0.9270425187729484,5.938258958248152,204062.2018557536,1381827.2931517982,1993934.5803377111
ngc2903,38,143.03193786437393,21.483743810605628,733.4448052100274,61.240335011670645,0.7184429303929717,5.69333820261567,825714.2876847624,5024475.0782113075,2152155.5730888615
ngc2903,39,143.03344284886006,21.464642372679997,729.1451758465806,88.65294121464007,0.9527678834980451,3.6228033987037387,473331.311270534,3985913.567655859,1115149.1459318823
ngc2903,40,143.03322076349392,21.467535550982866,731.4181947170935,166.9534024985105,0.3179845303059748,5.009773882111947,284084.44806769263,2254456.243933709,3251979.17256361
ngc2903,41,143.03685261723095,21.46842834087804,724.075204035351,101.50834267005065,0.7685781737901113,4.258223008385712,893230.7526027192,7254248.829091783,1686187.8406093556
ngc2903,42,143.03625169625082,21.472027421417046,728.1536515148966,109.41226723365573,0.8589254800714089,5.2969604027903685,557777.5058154908,4170910.78435427,2742913.562146028
ngc2903,43,143.03737499655898,21.477259938687133,721.0932791364685,56.61110228339882,0.7929014583445717,7.9923705750293745,453074.9374826821,3085062.6899031885,4024701.0087684793
ngc2903,44,143.03538631528113,21.48003146465579,728.1007053512881,63.829580539456764,0.7752218440264138,5.78379555201495,1525656.903864753,9670475.898646556,2283259.0279316623
ngc2903,45,143.03326011618753,21.48366866019253,726.4719164601815,45.37586922752946,0.9575016717149097,13.093979039324864,86456.8567320009,518856.74009810115,9024564.006591339
ngc2903,46,143.02366009950092,21.473631993925054,728.1583093495284,nan,nan,5.001880329386515,30172.762477205433,228968.2733155053,nan
ngc2903,47,143.02821604714327,21.47952818307333,732.1607986246937,76.86299856379088,0.9235995239984373,5.750716413593206,243948.11871653915,1633167.8018798265,2554877.6631928007
ngc2903,48,143.03709950443465,21.465905745444253,719.9247148236171,57.55251714159969,0.8652968092209357,4.739771569872368,152734.93276730579,1312671.3091193298,1431107.845385104
ngc2903,49,143.02303790308525,21.475173438919747,725.4701325987676,34.175542535829486,0.8481816294254361,4.321897455947982,249761.69123246137,1897838.280158648,740495.3293826163
ngc2903,50,143.02775454392182,21.48077282473592,724.1126328861476,79.32896293766878,0.876872478486634,5.167841524997834,783077.8789837109,5236040.4556222465,2107111.657352079
ngc2903,51,143.0224020520499,21.47275129542228,725.668334041038,46.218784093345185,0.9165492384436239,2.8213918809785983,170106.7883584054,1329207.037151655,426779.283309677
ngc2903,52,143.03256230736696,21.482637841838248,719.0864297313744,44.516280073659246,0.3707938409823091,9.364203050470248,1318519.4711108764,8068697.706672735,4528125.966007045
ngc2903,53,143.0379662679808,21.471465396593302,717.762061184591,136.35854017775125,0.8801621407143557,4.616258450272506,270010.71137017745,2091810.9278497393,2412587.744754367
ngc2903,54,143.03780404917165,21.475461962762765,716.0195191458915,110.93945155130417,0.7643475032428431,7.074389840113278,2570424.2819115003,18268641.107573815,4937987.394578375
ngc2903,55,143.03678977052638,21.478030340328978,722.8666113720399,45.89775249676993,0.9528555514852878,4.098780053133914,338851.164313403,2256477.0770793296,894455.2901262409
ngc2903,56,143.03138860877448,21.486370912722773,715.1844198163967,52.1765192742422,0.803933334336361,8.617625663754401,939391.7313056679,5646451.302368634,4431390.033869542
ngc2903,57,143.02435655125416,21.47560140646435,721.493120334609,48.886360994893614,0.8461889088426612,0.7523192340761824,113041.6353182288,834885.7773438373,32095.934884615293
ngc2903,58,143.0238065027326,21.47622450779167,719.9410811513271,20.866126060616345,0.9993394457907777,3.055794223268351,182442.74302601127,1356555.513571431,226020.60191213485
ngc2903,59,143.0344139094524,21.480561728814422,721.894794833202,38.4939298173093,0.41610692458416915,6.940671381508993,648450.3917592207,4061630.73515324,2151063.3672698163
ngc2903,60,143.02739158098,21.48179575174186,716.1412441934461,52.35436657681119,0.5007794914557306,4.801290589108844,422517.00955695694,2829061.3021472516,1378687.7399074938
ngc2903,61,143.0289180269975,21.484369985724072,713.050149980875,69.48731417265681,0.7511657009799694,6.014990737948621,350273.60666419496,2241543.772134507,2613293.9736878965
ngc2903,62,143.03170146542485,21.485140445133734,718.2591254309485,64.96257513852414,0.49527398461094985,8.749560840189254,2136355.818859332,12878204.129089352,5286837.837045582
ngc2903,63,143.02256426725103,21.47174752008385,718.573350752315,52.23201237737514,0.6064727971724694,6.590652418544527,163659.09733824217,1284700.6795539213,2593757.1587747056
ngc2903,64,143.0208283915609,21.471893213183115,716.8497284365437,39.96455787820861,0.8982174031410934,nan,63965.629388670066,518129.0559123876,nan
ngc2903,65,143.03791633190195,21.478359058958684,712.5494961562923,49.95462750039988,0.6640789565659215,7.0299486972642224,1434517.2146651405,9614690.099675216,2863769.276033978
ngc2903,66,143.0341131741953,21.4813212806756,712.3192904533079,40.58524562279166,0.8748907194599206,9.255488492340898,1297313.3929912562,8024721.524081768,4032968.7631965117
ngc2903,67,143.0283663020174,21.4828890262743,717.6416817263179,70.72654279925592,0.847065920723858,4.935484646236187,437672.305296144,2854604.261603023,1780311.0506489046
ngc2903,68,143.02472582734777,21.478932019752744,716.5672811978592,nan,nan,3.145984621670626,42256.13083540506,303865.35533275077,nan
ngc2903,69,143.03880872772206,21.46755381733032,714.7845388411886,49.821595033783396,0.9810748177763057,6.553946066675672,168390.57729869382,1437248.7067754553,2482454.7613161462
ngc2903,70,143.04005538913398,21.471610742255123,708.7416388959929,148.36847334177367,0.6030717926515764,4.1058728975356455,885429.4512647212,7087408.299859524,2019079.4636812361
ngc2903,71,143.0365523887278,21.47998555759883,718.9291836419604,52.496267539597305,0.757789227518258,8.753125352839621,680925.624224293,4352054.700375968,4590499.075570212
ngc2903,72,143.02489287864438,21.480994348949867,711.0528915301392,48.9086474128157,0.6588749221694689,4.538118015167636,86587.24374640879,615633.7000448087,1168409.8592013835
ngc2903,73,143.0325953042176,21.48393594709875,706.9492733951952,52.08315885312661,0.681406171227595,10.426667243941445,1094655.94020008,6592485.201042933,6479436.365677669
ngc2903,74,143.0298141323724,21.484839820499335,713.1578124791985,68.87359120248212,0.9183039189391202,10.420720746750307,278288.92962281965,1742719.7547544404,7797319.417099376
ngc2903,75,143.0212117256653,21.474544020769958,708.5821309713924,21.06530803042621,0.9983040613792332,nan,98912.3179955342,783745.3874484943,nan
ngc2903,76,143.039292863412,21.474125761483155,710.8124368084665,122.45185628003252,0.6656142024385762,6.3289893832873325,956675.3416911978,7158377.8930322435,4221112.953945658
ngc2903,77,143.0252611037952,21.482734870077884,706.9998437090053,51.71516367208184,0.8741743459353629,3.3387824133329627,231139.18565499067,1622523.8211754812,661255.799717077
ngc2903,78,143.02330269598986,21.476481139000818,712.8974712869157,nan,nan,3.7205865553212076,121564.7693940092,912133.1510957198,nan
ngc2903,79,143.025043611545,21.47934638652307,711.7884119850731,90.64606524069629,0.9381842940768528,13.884249820389751,28487.28705461808,203047.7797513365,16623614.818628432
ngc2903,80,143.02427864538427,21.480496859939773,708.4651002639097,45.5777363619486,0.9814861468193564,0.7221279503913189,46867.341343906766,338666.12586041016,27570.145055410456
ngc2903,81,143.03027242139044,21.486382884957635,705.4721628394441,70.08510263443907,0.8619247112155277,5.600010855646587,418154.8317043339,2574344.344127999,2278117.9406795474
ngc2903,82,143.04060188927645,21.466574120944315,696.576171202646,nan,nan,6.710327678117935,173028.17264245334,1559402.6884073534,nan
ngc2903,83,143.03943130266418,21.475559546620534,703.8811018087273,69.09038279011,0.24935490703788168,6.7610659081067395,888170.2766701811,6461336.022213418,3289198.3394028815
ngc2903,84,143.02739086724438,21.482980737138544,706.0581429493451,56.89833644129452,0.9827102048209612,5.503020224691721,208812.24879203338,1390911.340669666,1914475.977051165
ngc2903,85,143.03315424419944,21.483136114976972,696.2722618574167,49.47088469338329,0.6604847107576216,8.100628330169817,1419566.6307398214,8586708.0124465,3765694.4580021077
ngc2903,86,143.0293715033694,21.48568577928032,706.1228230729839,63.19639549127639,0.2682493168466365,3.831468613578255,300898.639121954,1896155.7644321318,995344.4688862631
