data/Rosolowsky21-GMC-catalogue.ecsv
# %ECSV 0.9
# ---
# datatype:
# - {name: GALAXY, datatype: string}
# - {name: CLOUDNUM, datatype: int64}
# - name: XCTR_DEG
#   unit: deg
#   datatype: float64
#   meta: {description: RA of GMC Centre}
# - name: YCTR_DEG
#   unit: deg
#   datatype: float64
#   meta: {description: Dec of GMC Centre}
# - name: VCTR_KMS
#   unit: km / s
#   datatype: float64
#   meta: {description: VLSR of GMC Centre}
# - name: RAD_PC
#   unit: pc
#   datatype: float64
#   meta: {description: GMC radius}
# - name: ECCEN
#   datatype: float64
#   meta: {description: GMC eccentricity (axis ratio)}
# - name: SIGV_KMS
#   unit: km / s
#   datatype: float64
#   meta: {description: GMC velocity dispersion}
# - name: FLUX_KKMS_PC2
#   unit: K km pc2 / s
#   datatype: float64
#   meta: {description: CO(2-1) Flux from GMC}
# - name: MLUM_MSUN
#   unit: solMass
#   datatype: float64
#   meta: {description: CO-based mass estimate}
# - name: MVIR_MSUN
#   unit: solMass
#   datatype: float64
#   meta: {description: Virial-based mass estimate}
# delimiter: ','
# meta: !!omap
# - __serialized_columns__:
#     FLUX_KKMS_PC2:
#       __class__: astropy.units.quantity.Quantity
#       __info__:
#         meta: {description: CO(2-1) Flux from GMC}
#       unit: !astropy.units.Unit {unit: K km pc2 / s}
#       value: !astropy.table.SerializedColumn {name: FLUX_KKMS_PC2}
#     MLUM_MSUN:
#       __class__: astropy.units.quantity.Quantity
#       __info__:
#         meta: {description: CO-based mass estimate}
#       unit: &id001 !astropy.units.Unit {unit: solMass}
#       value: !astropy.table.SerializedColumn {name: MLUM_MSUN}
#     MVIR_MSUN:
#       __class__: astropy.units.quantity.Quantity
#       __info__:
#         meta: {description: Virial-based mass estimate}
#       unit: *id001
#       value: !astropy.table.SerializedColumn {name: MVIR_MSUN}
#     RAD_PC:
#       __class__: astropy.units.quantity.Quantity
#       __info__:
#         meta: {description: GMC radius}
#       unit: !astropy.units.Unit {unit: pc}
#       value: !astropy.table.SerializedColumn {name: RAD_PC}
#     SIGV_KMS:
#       __class__: astropy.units.quantity.Quantity
#       __info__:
#         meta: {description: GMC velocity dispersion}
#       unit: !astropy.units.Unit {unit: km / s}
#       value: !astropy.table.SerializedColumn {name: SIGV_KMS}
#     VCTR_KMS:
#       __class__: astropy.units.quantity.Quantity
#       __info__:
#         meta: {description: VLSR of GMC Centre}
#       unit: !astropy.units.Unit {unit: km / s}
#       value: !astropy.table.SerializedColumn {name: VCTR_KMS}
#     XCTR_DEG:
#       __class__: astropy.units.quantity.Quantity
#       __info__:
#         meta: {description: RA of GMC Centre}
#       unit: &id002 !astropy.units.Unit {unit: deg}
#       value: !astropy.table.SerializedColumn {name: XCTR_DEG}
#     YCTR_DEG:
#       __class__: astropy.units.quantity.Quantity
#       __info__:
#         meta: {description: Dec of GMC Centre}
#       unit: *id002
#       value: !astropy.table.SerializedColumn {name: YCTR_DEG}
# schema: astropy-2.0
GALAXY,CLOUDNUM,XCTR_DEG,YCTR_DEG,VCTR_KMS,RAD_PC,ECCEN,SIGV_KMS,FLUX_KKMS_PC2,MLUM_MSUN,MVIR_MSUN
[from data line 2477]
ngc3521,921,166.44471651389662,-0.04965219911925474,738.886405642322,43.31134003330353,0.8590795310975304,4.921934353404695,195662.04627046446,1787240.27319583,1217113.9608095307
ngc3521,922,166.4464397164923,-0.047536402078231496,736.2139874705653,73.11005629932103,0.6894718727379072,4.3441717258317825,373797.9702816714,2946751.3664907706,1410089.5871393578
ngc3521,923,166.44621501868028,-0.044831382681274845,741.0939633873859,49.999378091066255,0.7953090747583893,5.5436290347924135,300604.9572279157,2245636.359147121,1782423.556394393
ngc3521,924,166.44696464541616,-0.043784479125664764,739.9459494312844,63.55655129203206,0.7781411338175177,6.3105096984587306,742219.8242813312,5183217.948665065,2710298.241899956
ngc3521,925,166.44747753369123,-0.04247138949049909,740.7380913418766,67.7373852515619,0.9093459793289104,5.2539697038957955,849887.9640268601,5587877.322503114,1960237.7020312503
ngc3521,926,166.46219706548322,-0.03964270054683712,734.8308800664788,43.530222210401,0.8549174272385746,5.651630771536293,431094.07793327514,3175871.9754828024,1612859.1244637782
ngc3521,927,166.46343753145305,-0.038767907433321105,742.2192628830588,56.864817897784086,0.4924689941679433,5.076788289501997,244773.07334649056,1965725.0466610403,1628752.88672179
ngc3521,928,166.46306985829762,-0.037930737436423535,744.6549529010643,55.716912519427346,0.7428892005399972,9.234946220023451,404291.9297243933,3211834.5859104977,5316691.081683256
ngc3521,929,166.44538606281964,-0.051888597380378564,732.882685767552,65.26558646330639,0.5514742887898146,6.092777301967183,329092.38644993084,3066734.5834985003,2571588.2306940663
ngc3521,930,166.4450567950501,-0.05067348519216935,734.4873639889618,44.62073747580617,0.9401043973070873,5.956101621537955,317709.1942761024,2922017.077907675,1836195.5520652938
ngc3521,931,166.4443467291773,-0.05025633079839964,735.9049333632236,33.154901165577805,0.5967921212048984,4.190997534838674,129310.5513806142,1223673.8236341164,675523.6179408547
ngc3521,932,166.4466415321567,-0.04670173195532953,733.890688523471,52.18225868135229,0.44829725037129325,4.325768460793403,359787.2039682692,2747232.632065893,1116665.5362061944
ngc3521,933,166.4473361835573,-0.0458233258917541,730.2290544366489,48.8104077987722,0.8512284874902023,10.73780154220281,524902.5810995267,3774718.4723126586,6528316.04885817
ngc3521,934,166.4716250852401,-0.04558836856102125,731.4060932071852,41.584423937820986,0.9338604138135814,2.8256040646970138,161931.9767519295,1965369.529990036,385133.4962154701
ngc3521,935,166.46336628511077,-0.040259102998477084,731.4057635155601,86.61133413479149,0.9682072444644291,5.152625299968357,264853.6946108725,2078367.5034465578,2221032.5986367855
ngc3521,936,166.4596310163668,-0.04039635995212862,724.9150831149054,46.953437988324886,0.49851443273696583,7.43457039395874,249577.81386753512,1564954.882833225,3010489.6773218294
ngc3521,937,166.45544362275345,-0.03782811398955754,737.8262477162932,51.6630475535856,0.8655340147536539,7.006275539098022,682301.0898711489,3422173.487853981,2909884.587129396
ngc3521,938,166.44287306241426,-0.05328383932179669,732.3125775626637,32.94318316188171,0.9873651775532276,nan,28944.94982715538,320231.1687428431,nan
ngc3521,939,166.4664322358412,-0.04219632267206233,731.468070710065,48.85826613705983,0.9388005608773263,4.264982058275867,184946.23829234455,1706695.4425988593,1030933.0370272776
ngc3521,940,166.46262475100696,-0.04117595790486334,730.03212144736,65.4877522272278,0.7268927650628341,1.8595905881113195,173092.58559339147,1286159.3164138864,240098.46985454025
ngc3521,941,166.46811460992643,-0.040246188051940475,733.8360267796351,21.35073628654445,0.9982528008899564,5.93908323025414,43029.25146945981,450146.4967665975,873594.0524999441
ngc3521,942,166.46154805067243,-0.03887711104032946,737.604727206666,56.96619126925669,0.780816446639684,5.717779606989373,440216.58735533024,3147892.9951383737,2068462.2654899461
ngc3521,943,166.45878005919093,-0.03875754242247203,735.8450191158518,86.9106846929082,0.8715431357251163,6.564165052832257,836153.2244786285,5066969.020124056,3612898.467666654
ngc3521,944,166.45464987633275,-0.0372039507378495,733.3604684892312,47.019796775077516,0.9354879939997797,6.426339961020135,389229.12072154647,1873706.503266887,2252506.8998810253
ngc3521,945,166.44450960443578,-0.05088508691791837,732.2423874397012,47.65421339865264,0.8614377901791084,3.30712913218296,216366.7898319711,2061181.0908981434,604590.8921354114
ngc3521,946,166.46817085495886,-0.04345492411253693,728.5908585696282,nan,nan,2.0510670575986096,64069.94191925719,647139.5714409145,nan
ngc3521,947,166.46531926346913,-0.041495366115430546,725.3033396883351,94.45468424221355,0.889930443772756,4.122531675274695,212574.1826236535,1849419.614607104,1506346.884103405
ngc3521,948,166.4502723227207,-0.039915295548347246,728.0740383227487,76.89738299836344,0.812967715985856,6.955377869998497,998916.8127127459,5277379.183305659,3738498.0266293567
ngc3521,949,166.45832116305905,-0.03945423204378207,727.1919873759884,45.699992087755916,0.7098407782341273,5.736355307695385,691973.5600127514,4051312.283360899,1744400.4947053576
ngc3521,950,166.4470273099163,-0.04907984930944596,722.8883932330439,70.96108377006341,0.8938798656482069,4.585972568738116,610206.5122824602,4847984.089668557,1540485.8817712641
ngc3521,951,166.44715377278774,-0.04801459020902392,727.765801284783,70.93171736281893,0.8823686407382745,6.129064936428167,370311.6955825707,2843223.8441558788,2750827.8921642
ngc3521,952,166.4479938892202,-0.047903982893850075,719.5570001231581,83.97286898934213,0.8892135895000755,8.903926770491594,1110834.0879407658,8136543.651002333,6496864.523037339
ngc3521,953,166.47216386371383,-0.047083443940352944,725.1433623645936,67.84894223998774,0.9708540063032567,0.8401203529089467,116568.00057457885,1439155.7396924668,50175.65577272445
ngc3521,954,166.44742855870518,-0.04674511360491918,729.2665331036073,57.94987631974152,0.6098213952388313,4.511455123301847,309289.7069139169,2265272.7525600293,1302515.6484569297
ngc3521,955,166.44792629214447,-0.0427035403673991,727.0432653829487,50.47794664123198,0.9763260325018049,7.381122632771224,1148019.2568302285,7399321.721210094,3180001.2155495374
ngc3521,956,166.4631018225281,-0.04266576873654516,720.1703785101737,33.40133681453209,0.9665597619461056,6.9232619592108895,94415.50200967152,711506.5315938082,1857134.5393994532
ngc3521,957,166.46193929270711,-0.04033231537161167,720.5940864460199,70.03986989364982,0.8410729474279149,10.422498976340796,717746.4286484454,5165304.954538804,7887788.675173688
ngc3521,958,166.4629364136779,-0.039734762177862044,727.4411785264191,57.15798516144993,0.6302213196055142,6.093697280406711,631240.2930507462,4857149.837807455,2354657.163607418
ngc3521,959,166.45166523649547,-0.03816983473266982,720.8392161893506,83.77847373033762,0.911413449523691,15.838813793264482,953166.9264876026,4470292.712837228,20526501.07623751
ngc3521,960,166.44558945420158,-0.052666320112173245,726.6006674535702,30.869708748317578,0.8433806523292987,5.2568017771763085,162527.4128364121,1528614.8350674931,989540.8405862842
ngc3521,961,166.47372657979068,-0.049324106236814685,725.050306112459,23.355773152677852,0.9655555308717911,nan,59058.319090367586,783284.4080778316,nan
ngc3521,962,166.44738705761338,-0.043886973904711565,722.7223005742004,67.792073273376,0.9155862433076026,6.584443630816506,960865.1176843109,6568671.938931727,3080388.0939817717
ngc3521,963,166.4709883704242,-0.048074923456454144,721.7458163177879,77.47971554159695,0.6731247536141667,0.6038375066893386,140263.83971739264,1601731.2198371098,28319.147327856335
ngc3521,964,166.46580867827333,-0.04345548197497474,717.213121163365,70.82853022029929,0.93889189640577,4.9141519522184085,329162.671982934,2888653.8717919835,1766650.4965711588
ngc3521,965,166.46736958654395,-0.04260894517343114,721.5140089119276,nan,nan,nan,24845.63602383127,241421.39175345792,nan
ngc3521,966,166.46044022113338,-0.04021097274397075,723.2474503365229,45.859908094048926,0.8745764368422158,6.554270926590534,862362.9168325263,5682262.259743211,2285282.784408057
ngc3521,967,166.45901606782883,-0.03992180538869345,720.8130264038235,53.435336570885994,0.7767024397972592,6.2019389458451375,419034.73200190935,2544978.1578033073,2331964.832031227
ngc3521,968,166.44407939214543,-0.056432048371909675,719.2255527533985,nan,nan,1.5199734406409116,30512.867164858962,342619.9077684697,nan
ngc3521,969,166.44623913976767,-0.050569429806331716,713.5503471160256,80.17721769640818,0.8066254020810424,6.223997141622775,529112.4873253659,4554703.811427648,3078133.2342421184
ngc3521,970,166.4482740726099,-0.049710494870858116,707.3882333679084,85.2312056230256,0.6937126464286908,6.547854816138477,2344706.6587883285,17761468.586887322,3548502.872999064
ngc3521,971,166.44864503120772,-0.042697843352834115,717.9006226328974,63.906030578531876,0.9083799438451263,8.868725142086332,1681719.3086794878,10412131.439986194,5372770.340142076
ngc3521,972,166.46094027320012,-0.03986458106394802,722.5813484717208,52.901509035761414,0.9072601508282456,9.35833236961301,997840.788378545,6798769.614797267,5274204.465004149
ngc3521,973,166.4571879476561,-0.03941050733028054,724.4287831622423,85.35952399355898,0.7751524294755121,7.591107761344621,550087.8375385527,3015450.913121487,4774115.924219181
ngc3521,974,166.4693226702219,-0.04805722626157092,716.0323992801382,52.547185563414956,0.38874539059378027,2.4332689228086952,139122.40024394292,1442307.0339378312,354972.3423008733
ngc3521,975,166.46907319977956,-0.047110054587657775,718.7230337726974,50.776393087035586,0.93816186762662,nan,118852.00177456831,1223391.372053131,nan
ngc3521,976,166.46374407011456,-0.04302509354365375,713.8199047545393,64.60354179185724,0.7002121986030514,4.645333027765295,441923.4189592427,3447354.618496899,1484747.4391251004
ngc3521,977,166.4634016910304,-0.04179809634355208,711.8071242250319,52.36226340196344,0.8544463289950492,7.199467609634038,106809.30357418052,825956.4382148776,3100233.197025085
ngc3521,978,166.45096499865795,-0.040121481312357876,711.4658608847665,50.7520659927371,0.7360050451471716,6.260691586086759,1078278.015482468,5519605.0246999115,2296122.714688654
ngc3521,979,166.45137836862415,-0.039264039452357076,711.3866460288332,63.88112454142457,0.7185194533256953,8.621510667503633,1428656.7322618307,6999624.11985079,5076095.282873751
ngc3521,980,166.45482677179638,-0.037811238298237855,719.0698040546146,26.540801090197057,0.9913117176735832,4.827709108098041,378302.7628108496,1830890.0281673684,717553.3631769828
ngc3521,981,166.44647827747846,-0.05529134845200718,709.5416515214598,91.35323222641811,0.6474364298100833,5.33654701371185,80069.20728905131,770822.630827332,2468603.169730559
ngc3521,982,166.46937128189003,-0.048947081774851804,714.0880359351868,37.7988802076611,0.700518744505174,3.0757715761988584,88994.36694670824,919430.9464976502,414806.049719153
ngc3521,983,166.44941336442213,-0.0427240500346495,711.9620143889387,66.96389341788775,0.718501266568002,7.192482551464321,1380118.7775768419,8201014.778116554,3645575.433365937
ngc3521,984,166.45025961146646,-0.04109057116435654,713.5916303051775,76.24645494498007,0.5965189932868963,6.218846496075873,1147161.0927548069,6248590.429478109,2971762.5264799404
ngc3521,985,166.45798788820684,-0.04018804618671174,715.4911489907994,53.774272052705044,0.8175034678508251,6.359275022935315,1148617.735141534,6556964.854175538,2462140.8807838554
ngc3521,986,166.46086642852921,-0.04181645841461589,715.3686626692219,82.12779058002533,0.6743539264638735,5.069692369122289,851748.1781226922,5673192.069654009,2075254.1815819133
ngc3521,987,166.4595364921513,-0.04130067924247394,708.4375303029369,70.18420403153722,0.8011676941693201,6.578226935385218,797208.8739309714,4936068.04740327,3146482.205150124
ngc3521,988,166.46051278200886,-0.04104957776730599,710.5299239296021,64.89249827901729,0.8268509014743196,8.382439719783438,1731220.9504762033,11366851.768022934,4848996.435161474
ngc3521,989,166.4573881963065,-0.040883345717259725,701.2476464798834,72.46246294226484,0.8623621252408811,8.267762122127749,2664941.3151932415,14659486.613570051,5077298.112326107
ngc3521,990,166.44734705999363,-0.0502340426254114,702.7666857046758,70.09215604939075,0.9308236228223528,7.516859088229534,303913.363570811,2447240.236706102,4104879.581804979
ngc3521,991,166.46899620166104,-0.049598529576883266,708.7245708344465,49.92388474490178,0.958708405914781,1.0607438206712432,142064.48482612247,1430898.7862153526,65160.94620345659
ngc3521,992,166.46853810153507,-0.047098391627211224,710.4791323013925,50.882374208371814,0.9555957659440154,3.400367457298887,125312.91351138822,1250492.5751818141,678491.8022760024
ngc3521,993,166.46097485723377,-0.04383894327955286,706.3650040014093,36.66478420318164,0.8442843533355584,6.492664225141784,435150.6482232042,2880903.584310955,1792887.3763516352
ngc3521,994,166.44904161195782,-0.04382615628858049,704.0080453939555,63.73851054553523,0.623968088856829,6.891329261454884,1172091.023923253,7308163.300705533,3238336.1821201826
ngc3521,995,166.4469569329902,-0.05202628411079353,702.3415744534277,71.82749244958265,0.8023936692041852,5.948403217870574,290690.1808781997,2503925.4052488594,2612818.609157822
ngc3521,996,166.46817651147848,-0.04646827626450714,708.4572957135579,65.50331651307103,0.9717174641918535,6.3865823742530345,158612.55907531423,1557623.4570695658,2832438.9187212256
ngc3521,997,166.44788946353526,-0.04622571259524609,699.0941496986263,66.88380826928133,0.8743500791679666,6.344230997124818,705696.3766804577,4976073.150455028,2834131.2658334756
ngc3521,998,166.44803327533785,-0.043834944237469,706.8745421803594,70.83361558736279,0.7814856470623329,6.421878128827066,850801.0117116802,5603981.568006785,3017160.289734791
ngc3521,999,166.4634109525962,-0.04404738433513193,706.5235053538873,91.66325473118556,0.5521892910171349,7.718321037061277,902110.6641574808,6846387.888466099,5175558.049635133
ngc3521,1000,166.45146293721442,-0.04204028375207113,699.6296154686883,52.8964811678346,0.6408927559504194,7.096147001311795,368704.1663526917,1942293.1034360542,3032338.776108569
ngc3521,1001,166.45483284777927,-0.03831386477606677,700.7212940519981,59.97333134689963,0.8902568806995205,8.413609616836668,632938.9526790912,3056450.2623944506,4635018.66658666
ngc3521,1002,166.4717826843453,-0.05407939241773244,703.5892788539483,42.280889177532316,0.9895028156478767,2.2725804861632106,61141.281245390586,703788.6443422267,253303.1833354105
ngc3521,1003,166.4476024977519,-0.046818203553763475,707.5041781502133,83.50325800889303,0.7801150808727958,6.232922478317135,330347.8473998675,2401542.2126013124,3171760.516226478
ngc3521,1004,166.46040960547833,-0.04369859082512322,696.2201383356431,28.637669234329156,0.9779589209260955,8.586812639533099,136149.952095009,874317.3586781438,2449399.538452986
ngc3521,1005,166.45864708668717,-0.04090348560470847,697.2094834303895,75.07952707009431,0.7351969144952004,6.820363761998524,1596363.1552184534,9418660.039250938,3537888.047435
ngc3521,1006,166.45600390877777,-0.03938928604408316,698.9801783692785,68.60440925089395,0.6690506409494694,8.623874038185903,1616331.9727164335,8288378.720632029,5326241.069397678
ngc3521,1007,166.47261633058832,-0.054147102699113187,703.6625852453635,nan,nan,nan,21080.774784505476,254025.20886218522,nan
ngc3521,1008,166.46406843802168,-0.045009703033913294,696.5259944977328,84.4672844724708,0.6802419265782115,5.713230737186656,2438946.361309673,19095674.70502736,2685368.397302274
ngc3521,1009,166.46078050064767,-0.04437216895818974,693.4919156248582,56.417504916314726,0.3264488896170376,8.153617858861233,828183.946731699,5414616.373169627,4179181.961455604
