data/Rosolowsky21-GMC-catalogue.ecsv
# %ECSV 0.9
# ---
# datatype:
# - {name: GALAXY, datatype: string}
# - {name: CLOUDNUM, datatype: int64}
# - name: XCTR_DEG
#   unit: deg
#   datatype: float64
#   meta: {description: RA of GMC Centre}
# - name: YCTR_DEG
#   unit: deg
#   datatype: float64
#   meta: {description: Dec of GMC Centre}
# - name: VCTR_KMS
#   unit: km / s
#   datatype: float64
#   meta: {description: VLSR of GMC Centre}
# - name: RAD_PC
#   unit: pc
#   datatype: float64
#   meta: {description: GMC radius}
# - name: ECCEN
#   datatype: float64
#   meta: {description: GMC eccentricity (axis ratio)}
# - name: SIGV_KMS
#   unit: km / s
#   datatype: float64
#   meta: {description: GMC velocity dispersion}
# - name: FLUX_KKMS_PC2
#   unit: K km pc2 / s
#   datatype: float64
#   meta: {description: CO(2-1) Flux from GMC}
# - name: MLUM_MSUN
#   unit: solMass
#   datatype: float64
#   meta: {description: CO-based mass estimate}
# - name: MVIR_MSUN
#   unit: solMass
#   datatype: float64
#   meta: {description: Virial-based mass estimate}
# delimiter: ','
# meta: !!omap
# - __serialized_columns__:
#     FLUX_KKMS_PC2:
#       __class__: astropy.units.quantity.Quantity
#       __info__:
#         meta: {description: CO(2-1) Flux from GMC}
#       unit: !astropy.units.Unit {unit: K km pc2 / s}
#       value: !astropy.table.SerializedColumn {name: FLUX_KKMS_PC2}
#     MLUM_MSUN:
#       __class__: astropy.units.quantity.Quantity
#       __info__:
#         meta: {description: CO-based mass estimate}
#       unit: &id001 !astropy.units.Unit {unit: solMass}
#       value: !astropy.table.SerializedColumn {name: MLUM_MSUN}
#     MVIR_MSUN:
#       __class__: astropy.units.quantity.Quantity
#       __info__:
#         meta: {description: Virial-based mass estimate}
#       unit: *id001
#       value: !astropy.table.SerializedColumn {name: MVIR_MSUN}
#     RAD_PC:
#       __class__: astropy.units.quantity.Quantity
#       __info__:
#         meta: {description: GMC radius}
#       unit: !astropy.units.Unit {unit: pc}
#       value: !astropy.table.SerializedColumn {name: RAD_PC}
#     SIGV_KMS:
#       __class__: astropy.units.quantity.Quantity
#       __info__:
#         meta: {description: GMC velocity dispersion}
#       unit: !astropy.units.Unit {unit: km / s}
#       value: !astropy.table.SerializedColumn {name: SIGV_KMS}
#     VCTR_KMS:
#       __class__: astropy.units.quantity.Quantity
#       __info__:
#         meta: {description: VLSR of GMC Centre}
#       unit: !astropy.units.Unit {unit: km / s}
#       value: !astropy.table.SerializedColumn {name: VCTR_KMS}
#     XCTR_DEG:
#       __class__: astropy.units.quantity.Quantity
#       __info__:
#         meta: {description: RA of GMC Centre}
#       unit: &id002 !astropy.units.Unit {unit: deg}
#       value: !astropy.table.SerializedColumn {name: XCTR_DEG}
#     YCTR_DEG:
#       __class__: astropy.units.quantity.Quantity
#       __info__:
#         meta: {description: Dec of GMC Centre}
#       unit: *id002
#       value: !astropy.table.SerializedColumn {name: YCTR_DEG}
# schema: astropy-2.0
GALAXY,CLOUDNUM,XCTR_DEG,YCTR_DEG,VCTR_KMS,RAD_PC,ECCEN,SIGV_KMS,FLUX_KKMS_PC2,MLUM_MSUN,MVIR_MSUN
[from data line 1478]
ngc2903,732,143.04850527916585,21.534813482107992,389.266838075861,72.23122014092255,0.834298754607238,2.493896515375856,47516.62675441559,392393.4415725977,460986.4373169078
ngc2903,733,143.04658380901088,21.535783912797648,387.9347453827807,82.4036468292244,0.92874133683335,4.295571545748767,511269.1669810661,4431006.577149078,1493209.8951761543
ngc2903,734,143.05512560211164,21.518460522250525,380.80596428148937,96.89393813503499,0.9161960553514709,8.515894481834392,889852.9084042836,5706455.029011953,6537920.052026376
ngc2903,735,143.0600122417012,21.521811165187653,386.76499904168327,77.66165351706829,0.9578008713329451,7.311623734402616,196112.07101707903,1421873.0737887195,4158596.150640313
ngc2903,736,143.06076869578345,21.523078609414732,387.5224378120042,nan,nan,6.6039228611149285,44532.83666839464,330020.0570278783,nan
ngc2903,737,143.05991655192082,21.525825100591867,382.14656371409484,78.20829999566742,0.6289386258946902,5.528483274030896,152188.50150663932,1123017.1008000495,2388701.530832876
ngc2903,738,143.06301536156212,21.52754741228379,386.6546778108032,25.240561015284975,0.7905462693121127,2.2739849167984962,44951.37746231914,356849.5855184221,151402.18829011524
ngc2903,739,143.06031882646505,21.529456259574655,383.7440813665755,72.74871898391879,0.14345586856534892,3.059033462946329,101334.99406930748,774864.8310045664,696893.9267819937
ngc2903,740,143.04668362099986,21.532956305407847,385.17972426786423,61.03650379316957,0.8946941100028276,4.028749351412692,83758.07019531123,682752.673324454,1075263.5413520026
ngc2903,741,143.04758493481512,21.53561551139166,388.81015592319727,64.04896112976505,0.5492616760787518,2.6767577383997243,133482.88107512664,1135173.8816693425,490163.36752913985
ngc2903,742,143.05367728427643,21.515937020860434,382.58993770548574,100.53152169519443,0.9146908930256658,5.821153215613694,520224.98896308476,3192849.364909146,3130888.1685517654
ngc2903,743,143.05134089240846,21.516996704432533,376.1556657610291,65.60792563747603,0.5415116790837682,7.069622076547168,1021129.2420205347,6076752.657183907,3474384.86725578
ngc2903,744,143.04961405430052,21.517141201866153,381.49599285446715,54.71945624582398,0.7050767031918026,12.083707226854974,1174785.736068134,6899717.098526728,8993793.145357372
ngc2903,745,143.04734698052008,21.537684656829807,382.02753894564336,136.238141854734,0.9778736099364059,9.633424795142652,153481.10396183305,1368124.3540844084,10500465.55093502
ngc2903,746,143.04656834491595,21.540424495062485,383.44163115076464,nan,nan,3.3797884628214723,58392.262030629136,558557.072150476,nan
ngc2903,747,143.04799894515452,21.514549777892654,401.2432562477981,87.32144774558218,0.9665473137518171,16.515639287624793,926166.4481528406,5195118.07256613,22943132.877433233
ngc2903,748,143.0475929318362,21.51921148747572,375.5049863331467,89.51583951163914,0.8149473160080706,7.66761313286999,1876307.2281269091,11434103.625029674,5027687.799374447
ngc2903,749,143.05630205340964,21.519967147071927,379.78660254283426,74.87450026393365,0.7653805781179188,7.504969172056023,741076.3511430186,4909831.819345302,4275974.505380309
ngc2903,750,143.04730998738557,21.52113941186612,378.40511985693416,75.5661545184612,0.7477759537859446,5.8355392934528885,1003536.3983810369,6362136.225692367,2601126.8620251003
ngc2903,751,143.04683198289035,21.52302046860918,380.49152352788803,64.53293848964181,0.6264117610186565,8.287868495419966,1012259.3559424698,6697355.9296838315,4722674.215028414
ngc2903,752,143.0571052386237,21.523177990589037,375.33754676558624,76.44146763291725,0.9478884526168654,6.874626847631693,196491.64954609994,1351246.7209050006,3637745.074576644
ngc2903,753,143.06270289802322,21.529332763204234,376.8302190216181,nan,nan,1.6831433844427122,40084.81473348507,319349.41721714573,nan
ngc2903,754,143.06067511960956,21.53095659518347,376.11616118366527,71.96056574111185,0.6349560294043397,3.939877087931844,254625.05197207455,1985118.822040983,1147650.6758954083
ngc2903,755,143.04934230829366,21.534480013575116,379.0963085269097,nan,nan,4.30697355893515,172907.5199755225,1403757.4990959524,nan
ngc2903,756,143.05916048501285,21.521284304011875,380.10333542223634,68.1959025992323,0.35755454448575696,2.6545120219239196,37061.156088130425,262930.50030278537,502639.06437049265
ngc2903,757,143.0562349472085,21.521291537771184,377.1501634004648,61.619076392782645,0.9558828987810924,6.119959286948079,604891.0012915698,4037573.090808196,2497018.996247397
ngc2903,758,143.06005959409217,21.524804727080635,380.52281638123947,nan,nan,3.645910753571933,72911.69772182475,536155.3789757257,nan
ngc2903,759,143.04540110926524,21.525838090700947,376.0176827051665,59.193503741016315,0.8106286765428197,6.902830620391165,337587.73712215386,2415954.5045275693,3092799.662745196
ngc2903,760,143.05730654470537,21.52117352098604,376.6218348649101,64.58094241079954,0.8880490929097198,5.527723823994508,449090.22137238376,3057918.7944314745,2101891.2853986686
ngc2903,761,143.04810636141153,21.52272618911601,373.96603562812123,76.17978299562827,0.5513763831864856,6.384135710577881,1320545.451193257,8579572.38141505,3130007.409960362
ngc2903,762,143.04965180743343,21.533044578690237,372.8161529798971,34.26519784274421,0.9790593510089589,4.448309696468045,103942.83449783141,816969.3854728555,786504.595218993
ngc2903,763,143.0483042222831,21.514238345626875,378.7623392974099,109.4891139687434,0.6869987646756455,15.039604430340244,332037.18707365816,1856035.5211088606,22122529.292982318
ngc2903,764,143.05138753156518,21.518332329271484,362.00930372876724,47.90982178420288,0.7696288667084571,7.252393430698559,1119689.482207867,6772632.483823729,2923110.6569604087
ngc2903,765,143.05371687417698,21.525217879248643,362.09055826047404,59.819084877531225,0.7959709435504323,8.425996765307376,229646.1352488056,1551614.206099929,4640702.662719473
ngc2903,766,143.05042985360706,21.5325119423111,368.17403209523195,78.06959542035814,0.8671309061347757,4.666281772068968,610742.1501759872,4715259.594669682,1699721.8728018964
ngc2903,767,143.0550912636279,21.521203839264583,370.8772890378195,nan,nan,6.484171961153766,140052.85811780256,916243.6421703536,nan
ngc2903,768,143.0484985053734,21.523853724448404,361.641150185435,70.77114577189639,0.8255284068462639,8.281746093184005,1602586.8336042953,10610793.662860384,5014904.089998049
ngc2903,769,143.05865136034532,21.525050935872756,370.280230784577,65.55326785812312,0.8575626435306694,2.517843040225633,121110.22636386857,868266.077899221,440454.9831853827
ngc2903,770,143.04897138273637,21.535556419937024,372.51612934630015,38.02042130112213,0.9056554480030657,7.7868811574703205,90856.42673485566,757386.8036812205,2674250.017680825
ngc2903,771,143.04836340402733,21.536695455090623,370.3427518609486,48.263346814552285,0.627444275624828,3.2407389502659845,33574.93980085108,288842.12995201285,587981.3103704697
ngc2903,772,143.04891173591446,21.51867971242018,370.63200219747097,77.87890761954637,0.7466838633431134,8.271428492889827,921561.5183218824,5538039.002384688,5331985.143212415
ngc2903,773,143.04901324460351,21.520127787710734,363.94266446449075,70.96079895569734,0.5608682674813936,5.899586065654339,1309101.89945143,8066161.557245955,2549392.6973509314
ngc2903,774,143.05228949089633,21.516465355661264,370.95973662018577,59.81963038158481,0.8826565335970348,8.251959464318183,649587.3294338922,3898064.2108902773,4451003.946918223
ngc2903,775,143.05567330935642,21.52240472279902,367.0418601463047,70.24274727205002,0.3402298455668067,7.1940505912075885,820648.7099542153,5476909.671069724,3765268.5651269695
ngc2903,776,143.04965426556515,21.52237059278795,364.2162854678682,74.83951652037251,0.42463614666926347,5.606212896823268,419231.00106588396,2684053.6863746108,2385289.7672486026
ngc2903,777,143.05604759743858,21.52563260157567,363.6596972988102,84.8045393391664,0.6972842856774611,6.045432294992781,1506532.679119458,10449046.446747692,3014732.4827687903
ngc2903,778,143.0486279955034,21.52768437915176,364.7570492348096,nan,nan,2.3664537989535344,89389.13914139911,637529.932743917,nan
ngc2903,779,143.05728729144226,21.539681612992876,364.73243088185893,nan,nan,2.9744409929698046,77947.03734648766,667897.4227788087,nan
ngc2903,780,143.04993801959782,21.521279252276443,362.33230323482667,31.816449404769337,0.9055149833529429,6.318339736218518,307413.855500084,1930289.747126514,1473382.9840329625
ngc2903,781,143.05580350393024,21.523947659627506,364.61243006686135,83.2488186446595,0.5251381342266453,5.721142185838805,1061035.4653967023,7202952.961330521,2666851.6608095453
ngc2903,782,143.05456061735077,21.52625747527688,362.71639203403777,103.07380936224439,0.4374211787877086,5.845385795604342,1032485.4186362894,7118080.312052789,3210011.3525745766
ngc2903,783,143.05675341656345,21.53817645401255,364.1589194253696,nan,nan,nan,28765.20308015758,240293.56571566127,nan
ngc2903,784,143.05026346964289,21.51822217861876,366.20603793932975,67.65317765996119,0.542298049500417,6.4459430458947224,467137.6134685698,2796997.1405611113,2948128.3377740546
ngc2903,785,143.05335423017556,21.51877860222014,357.81384051828695,110.28692062042981,0.7617355901398356,6.490253933630809,63409.69935823503,395020.427319454,4139876.4088100414
ngc2903,786,143.05061924118206,21.520763890106277,359.57844028383704,44.94173098986212,0.7616917900783449,6.77828707891154,481605.71716517606,3001205.21413834,2395232.644104398
ngc2903,787,143.0543094983819,21.52876958033294,354.7219121559182,126.04847317849597,0.8689044050057927,10.203658042691195,856579.9979102999,6118853.823699609,11185399.707906885
ngc2903,788,143.0507343258775,21.51958248760055,358.9979954709822,69.70511142910482,0.7484561111940262,5.03876728720291,786005.9303811789,4812816.90084822,1837693.2078842914
ngc2903,789,143.0561715013446,21.5295544182922,355.0105069281636,84.30602002499148,0.9013811288518284,5.588761277650892,209298.00952385212,1527368.1085786656,2566363.48503332
ngc2903,790,143.05558718726965,21.533720336013637,359.89321456453297,nan,nan,4.062176261167109,99088.75156199763,768165.0533496542,nan
ngc2903,791,143.0592482771632,21.533589410350093,358.5430230068155,40.32539716587718,0.9664583890102829,5.09689108773378,141470.1084557802,1116820.5457645364,1215198.8496316373
ngc2903,792,143.0589318280853,21.534638750020108,356.50602877682877,53.919415497854594,0.9651040849200728,2.1243532671530008,161720.76438421838,1290957.8817184828,275252.69873194746
ngc2903,793,143.05447199502888,21.52058021013123,360.42920483203477,87.52900048171443,0.8966602297206314,8.491590210366445,56614.69552726599,364778.17289685353,6074735.300800262
ngc2903,794,143.04750496359816,21.52453060090487,358.76261791529356,80.72395181543955,0.7602396492998992,7.127824095022517,903823.6151792683,6120130.278722134,4055367.4753541164
ngc2903,795,143.04929499845932,21.525145717482786,352.35468570527155,71.96920624756035,0.3281584391855863,7.281159049514644,871369.5019492799,5882038.35378296,3919946.757984215
ngc2903,796,143.05060512248005,21.527523836225278,352.5331879224058,93.53753653315418,0.7942187038270332,8.163609625645586,301343.0511799238,2111899.413259857,5868625.559106319
ngc2903,797,143.05306119657726,21.529626563459676,352.17466079803756,43.62008571206048,0.8856469629242681,5.351191437959021,151216.99316120162,1093333.7978435538,1448923.579055929
ngc2903,798,143.05410133046976,21.530548986963215,351.2070539375842,78.68096139040397,0.8733073953833199,6.327331701587335,352557.1435426076,2589739.7486940306,3141489.655103273
ngc2903,799,143.05607756668394,21.532591902330232,357.1029705432534,37.03517873075576,0.9877819252107856,1.8692662636027848,90813.88937884515,692457.9333969983,150111.77833704095
ngc2903,800,143.05257573212558,21.5201731764128,354.30956244294487,92.25318146925498,0.5160766882977612,2.804082740831161,107009.56558823731,669998.1281928967,686041.7417348517
ngc2903,801,143.05205984365804,21.52234756378296,348.3305604275096,43.0071647275877,0.9640469205226577,2.7981297370251386,166615.42532637337,1069836.8146251603,390602.02953992534
ngc2903,802,143.0516544916214,21.52553872071033,352.4344893270643,79.72753214758399,0.845431100009138,4.129482053534137,379074.1610569877,2557806.4200350735,1349930.3793101786
ngc2903,803,143.0557546808532,21.52788514309857,352.69373507265027,105.69511256513815,0.604291352060382,6.510199307268696,1447543.2460742989,10294671.05254615,4048925.9129748833
ngc2903,804,143.05457395088698,21.53140348822021,352.3468886543107,63.3272152262185,0.9656783539891005,5.117822033199065,135384.787456449,1009118.1095101696,1778328.3162495506
ngc2903,805,143.0524969672792,21.52424744572795,350.94491691613126,83.09141844702256,0.4861973558447237,3.2333051304772584,88950.22373766752,588798.5193339301,850704.6799819696
ngc2903,806,143.05051376861778,21.525152266122237,350.64419396675555,79.44899749068045,0.8520083947498309,5.423392352471983,306872.40825784986,2060138.4806842464,2322998.808882696
ngc2903,807,143.052300801465,21.51781690635617,352.06374197004914,41.578482659543454,0.9403229259014765,5.392809712715929,174541.43082802265,1060914.652741839,1402674.2302505095
ngc2903,808,143.05287772507955,21.521171835052023,347.576081949965,53.079174963539295,0.4878904239971824,3.5522883680329893,83691.6168907948,532081.1576864384,761635.527356757
ngc2903,809,143.05907565262467,21.53519184011843,348.7588354215594,nan,nan,3.7294671696694692,45928.493297415436,369795.8330336915,nan
ngc2903,810,143.04298298816107,21.48782434447776,142.50740957697388,nan,nan,nan,10430.46037571141,62590.65261864138,nan
ngc3521,1,166.44322006836984,-0.007757832252145672,1021.6860636329474,71.65131789894015,0.779298287933453,6.504469330527723,109891.78856467089,925780.5182751457,3119041.7386268033
ngc3521,2,166.44349923822153,-0.0004667122207938945,1022.7716004924808,49.16936340652887,0.6498384052257418,6.156728354907113,127500.28248227996,1267919.0936368017,2161984.416256705
ngc3521,3,166.44426391338797,-0.007905001775071478,1026.3789478974345,nan,nan,nan,19839.74967345052,165393.77657991578,nan
ngc3521,4,166.44109167104588,-0.007527234479769688,1026.1921526995063,nan,nan,3.5529412878731175,46874.80273882504,409461.47593786527,nan
ngc3521,5,166.44235892776373,-0.0017432020871350569,1019.7208723499896,63.395653023759735,0.5843439819880725,4.752399960638633,139494.25472336583,1348390.2351097404,1534547.2940792146
ngc3521,6,166.44188773800582,0.003985079638290295,1024.6597570372014,66.7151577818249,0.8748223780625599,3.115003243685686,214797.98770801368,2374615.669795493,682099.9359991383
ngc3521,7,166.44667156958008,-0.01861871775681273,1016.3107442564055,80.37321527857497,0.7778933643564786,5.865765124839308,2781790.298670815,18037200.917858295,2738450.470895329
ngc3521,8,166.44701688154913,-0.01783208625243988,1018.7651717153713,56.67469483881584,0.9118771581218862,7.026851296911102,1443120.9347124347,9492140.222943014,3113357.388008634
ngc3521,9,166.4439378523576,-0.00917218035904042,1014.6152594963575,71.13661348717777,0.9168088127006886,7.761490239455415,167588.84233468634,1361237.8671753288,4419776.885348603
ngc3521,10,166.44166236311216,-0.007710411761140252,1021.0545381939074,28.512898965257108,0.9810927588803634,5.147153072153134,250214.03064398392,2155350.412555044,876261.0999914357
ngc3521,11,166.4424563296041,-0.0035533338876730966,1016.0510892141466,76.98929283050111,0.6695533281510498,4.365732904422749,266541.7241985568,2473389.493753798,1474062.3999409657
ngc3521,12,166.44457473070634,0.0014998594399720634,1016.398521013159,67.95216931689302,0.9860187858612105,6.029623216502702,193834.502381978,2036612.7860701939,2587203.301825444
ngc3521,13,166.44049321512543,0.004360971426221943,1021.3892088269796,82.4635755979367,0.837866493350084,5.361456504581314,714056.8633066514,7991698.894821257,2327314.1284678616
